Species	Br	Bd	Bd^2
Addax_nasomaculatus	2.267171728	5.029383778	25.29470119
Aepyceros_melampus	2.243038049	4.760497875	22.66234002
Alcelaphus_buselaphus	2.454692449	5.059752694	25.60109732
Alces_alces	2.639486489	5.301029996	28.10091902
Ammotragus_lervia	2.320146286	5.041392685	25.4156402
Antidorcas_marsupialis	2.130391211	4.562505285	20.81645448
Antilocapra_americana	2.098989639	4.669781615	21.80686033
Antilope_cervicapra	2.044670395	4.459392488	19.88618136
Axis_axis	2.340444115	4.946697837	24.46981949
Babyrousa_babyrussa	2.103803721	4.892094603	23.9325896
Bison_bison	2.660865478	5.6349808	31.75300862
Bos_grunniens	2.523746467	5.397940009	29.13775634
Bos_taurus	2.565847819	5.791439696	33.54077375
Boselaphus_tragocamelus	2.434169553	5.096910013	25.97849168
Camelus_dromedarius	2.881954971	5.602059991	31.38307614
Camelus_ferus	2.760422483	5.743914011	32.99254817
Capra_hircus	2.06069784	4.441852176	19.73005075
Capreolus_capreolus	1.966892296	4.242352564	17.99755528
Cephalophus_dorsalis	1.968	4.301	18.498601
Cervus_elaphus	2.612041745	5.301029996	28.10091902
Cervus_nippon	2.303196057	4.724275788	22.31878172
Connochaetes_taurinus	2.646403726	5.326806774	28.37487041
Dama_dama	2.351216345	4.570484563	20.88932914
Damaliscus_lunatus	2.463258246	5.045322979	25.45528396
Damaliscus_pygargus	2.405858399	4.795880017	23.00046514
Eudorcas_thomsonii	1.962842681	4.386855529	19.24450143
Giraffa_camelopardalis	2.84509804	6.082426301	36.99590971
Hemitragus_jemlahicus	2.220108088	4.903089987	24.04029142
Hexaprotodon_liberiensis	2.415	5.356	28.686736
Hippopotamus_amphibius	2.857332496	6.130655349	37.58493501
Hydropotes_inermis	1.72427587	4.105852036	16.85802094
Kobus_ellipsiprymnus	2.462397998	5.274619619	27.82161213
Lama_glama	2.421969341	4.955288114	24.55488029
Madoqua_kirkii	1.568201724	3.6599162	13.39498659
Moschiola_meminna	1.228528677	3.300378065	10.89249537
Muntiacus_muntjak	2.095169351	4.220108088	17.80931227
Odocoileus_virginianus	2.322219295	4.813514272	23.16991965
Okapia_johnstoni	2.699837726	5.361729989	28.74814847
Oryx_beisa	2.447158031	5.302280092	28.11417417
Ourebia_ourebi	1.765916794	4.164848343	17.34596172
Ovis_ammon	2.146128036	4.740362689	22.47103842
Ovis_aries	2.100370545	4.59215332	21.08787211
Pecari_tajacu	2.006466042	4.262664625	18.17030971
Phacochoerus_aethiopicus	2.096910013	4.815046176	23.18466968
Philantomba_maxwellii	1.579783597	3.525908216	12.43202875
Rangifer_tarandus	2.444044796	4.855519156	23.57606627
Raphicerus_campestris	1.710117365	4.008600172	16.06887534
Redunca_fulvorufula	2.080987047	4.51851394	20.41696823
Rupicapra_rupicapra	2.071268163	4.434036354	19.66067839
Rusa_timorensis	2.342	4.818	23.213124
Rusa_unicolor	2.583	5.246	27.520516
Saiga_tatarica	1.961895474	4.602059991	21.17895616
Sus_scrofa	2.229937686	4.938383248	24.3876291
Sylvicapra_grimmia	1.887429741	4.101231387	16.82009889
Syncerus_caffer	2.811239773	5.823108903	33.9085973
Tayassu_pecari	2.163757524	4.508305219	20.32481595
Tragelaphus_eurycerus	2.589949601	5.403120521	29.19371136
Tragelaphus_oryx	2.643452676	5.602059991	31.38307614
Tragelaphus_scriptus	2.217483944	4.645667842	21.5822297
Tragulus_javanicus	1.276461804	3.276445719	10.73509655
Tragulus_napu	1.267171728	3.399673721	11.55778141
Vicugna_vicugna	2.300812794	4.664780765	21.76017959
Bradypus_tridactylus	1.396199347	3.612465964	13.04991034
Bradypus_variegatus	1.205023822	3.513617074	12.34550494
Cabassous_unicinctus	1.374381698	3.59439255	12.9196578
Chaetophractus_villosus	1.195899652	3.640759614	13.25513057
Choloepus_didactylus	1.450249108	3.705007959	13.72708398
Choloepus_hoffmanni	1.389786062	3.703119346	13.71309289
Chrysochloris_asiatica	-0.15490196	1.69019608	2.856762789
Chrysochloris_stuhlmanni	0.02325246	1.699404082	2.887974234
Dasypus_novemcinctus	0.929418926	3.438304965	11.82194103
Dugong_dugon	2.424881637	5.356981401	28.69724973
Echinops_telfairi	-0.207608311	1.942008053	3.771395278
Elephantulus_fuscipes	0.123851641	1.755874856	3.08309651
Elephantulus_intufi	0.057	1.695	2.873025
Elephantulus_myurus	0.137	1.737	3.017169
Elephas_maximus	3.716941908	6.441766989	41.49636194
Euphractus_sexcinctus	1.525044807	3.902546779	15.22987136
Hemicentetes_semispinosus	-0.080921908	2.041392685	4.167284094
Limnogale_mergulus	0.06069784	1.963787827	3.856462629
Loxodonta_africana	3.735311404	6.633603773	44.00469902
Microgale_cowani	-0.37675071	1.181843588	1.396754266
Microgale_talazaci	-0.102372909	1.702430536	2.89826973
Micropotamogale_lamottei	-0.097	1.808	3.268864
Myrmecophaga_tridactyla	1.924279286	4.277379975	18.29597945
Oryzorictes_hova	-0.236572006	1.645422269	2.707414443
Potamogale_velox	0.606972206	2.812913357	7.912481554
Procavia_capensis	1.289291592	3.365799866	11.32860874
Rhynchocyon_cirnei	0.770852012	2.705436047	7.319384204
Rhynchocyon_petersi	0.73239376	2.568201724	6.595660095
Setifer_setosus	0.178976947	2.394451681	5.733398853
Tamandua_tetradactyla	1.439332694	3.639586087	13.24658688
Tenrec_ecaudatus	0.452553063	2.957607287	8.747440864
Tolypeutes_tricinctus	1.178976947	3.166051014	10.02387902
Trichechus_manatus	2.561101384	5.878521796	34.55701851
Acinonyx_jubatus	2.113943352	4.703960965	22.12724876
Ailurus_fulgens	1.670245853	3.747411808	14.04309526
Arctocephalus_australis	2.48784512	5.015988105	25.16013667
Arctocephalus_forsteri	2.505149978	5.040167036	25.40328375
Arctocephalus_galapagoensis	2.464265934	4.662285516	21.73690623
Arctocephalus_gazella	2.531478917	4.984977126	24.84999695
Arctocephalus_philippii	2.618048097	5.146128036	26.48263376
Arctocephalus_pusillus	2.567467498	5.25224605	27.58608857
Arctocephalus_tropicalis	2.51355052	5.005395032	25.05397943
Bassariscus_sumichrasti	1.622214023	3.434888121	11.7984564
Callorhinus_ursinus	2.524828686	5.178737204	26.81931903
Canis_aureus	1.806179974	3.984918677	15.87957686
Canis_lupus	2.08	4.52	20.4304
Canis_mesomelas	1.738780558	3.903089987	15.23411145
Crocuta_crocuta	2.243038049	4.794975744	22.99179239
Cystophora_cristata	2.658011397	5.451540829	29.71929741
Erignathus_barbatus	2.662757832	5.44870632	29.68840056
Eumetopias_jubatus	2.820365685	5.808734108	33.74139194
Felis_catus	1.45331834	3.397940009	11.5459963
Felis_silvestris	1.448	3.497	12.229009
Genetta_tigrina	1.18610838	3.183269844	10.1332069
Halichoerus_grypus	2.48784512	5.28780173	27.96084714
Helarctos_malayanus	2.586024382	4.653405491	21.65418266
Hydrurga_leptonyx	2.852784869	5.538448052	30.67440682
Ichneumia_albicauda	1.451786436	3.643452676	13.2747474
Leopardus_pardalis	1.800029359	3.978887781	15.83154797
Leptailurus_serval	1.733197265	4.054613055	16.43988703
Leptonychotes_weddellii	2.751407423	5.578257077	31.11695202
Lobodon_carcinophaga	2.768082856	5.34684177	28.58871691
Lutra_lutra	1.6599162	3.947859475	15.58559443
Lycalopex_gymnocercus	1.544068044	3.657311189	13.37592513
Lynx_canadensis	1.841984805	4.175192788	17.43223482
Lynx_rufus	1.812913357	3.802773725	14.461088
Martes_foina	1.342422681	3.224014811	10.3942715
Martes_martes	1.281033367	3.113940012	9.696622398
Melursus_ursinus	2.426511261	5.133794301	26.35584392
Mephitis_mephitis	1.006466042	3.29666519	10.86800137
Mirounga_leonina	3.080987047	6.302439164	39.72073942
Monachus_monachus	2.681241237	5.447932866	29.67997251
Monachus_schauinslandi	2.568201724	5.238046103	27.43712698
Mustela_erminea	0.6599162	2.194329299	4.815081072
Mustela_putorius	0.895974732	2.961421094	8.770014896
Nasua_narica	1.645127399	3.795880017	14.4087051
Nasua_nasua	1.574031268	3.503450193	12.27416325
Neophoca_cinerea	2.589670402	5.277093255	27.84771322
Odobenus_rosmarus	3.149296108	6.009546498	36.11464911
Ommatophoca_rossii	2.694605199	5.253822439	27.60265022
Otaria_byronia	2.704365036	5.346352974	28.58349012
Otocyon_megalotis	1.416474079	3.523095838	12.41220428
Panthera_leo	2.414137362	4.924279286	24.24852649
Panthera_onca	2.176091259	4.923984952	24.24562781
Panthera_pardus	2.130333768	4.681241237	21.91401952
Panthera_tigris	2.430934619	5.290034611	27.98446619
Paradoxurus_hermaphroditus	1.414137362	3.44302817	11.85444298
Phoca_fasciata	2.395763089	4.942404941	24.4273666
Phoca_groenlandica	2.442	5.121	26.224641
Phoca_largha	2.404406051	4.961421094	24.61569927
Phoca_vitulina	2.498310554	4.867084291	23.6885095
Phocarctos_hookeri	2.595220567	5.436957331	29.56050502
Potos_flavus	1.519499853	3.350538743	11.22610987
Procyon_lotor	1.613489453	3.696851278	13.66670937
Puma_concolor	2.187520721	4.735854292	22.42831588
Pusa_caspica	2.210853365	4.79761373	23.0170975
Pusa_hispida	2.292809665	4.839383762	23.4196352
Pusa_sibirica	2.273001272	4.951823035	24.52055137
Taxidea_taxus	1.724	3.607	13.010449
Urocyon_cinereoargenteus	1.571475904	3.57391544	12.77287157
Urocyon_littoralis	1.572	3.284	10.784656
Ursus_americanus	2.394451681	4.41480628	19.49051449
Ursus_arctos	2.52629619	5.117346434	26.18723453
Ursus_maritimus	2.705007959	5.501059262	30.261653
Vulpes_vulpes	1.695831773	3.570858726	12.75103204
Zalophus_californianus	2.607455023	4.959041392	24.59209153
Balaenoptera_borealis	3.69019608	7.56427143	57.21820227
Balaenoptera_musculus	3.826	7.527	56.655729
Balaenoptera_physalus	3.707570176	7.795880017	60.77574524
Delphinapterus_leucas	3.283527365	5.697447307	32.46090582
Delphinus_delphis	2.901600465	4.813493964	23.16972414
Eschrichtius_robustus	3.635148849	7.477121255	55.90734226
Globicephala_macrorhynchus	3.461348434	5.974603792	35.69589047
Globicephala_melas	3.498689534	5.949194774	35.39291846
Grampus_griseus	3.406710459	5.602059991	31.38307614
Inia_geoffrensis	2.801846012	4.958229314	24.58403793
Kogia_breviceps	3.008174184	5.484299839	30.07754472
Kogia_sima	2.793790385	5.226599905	27.31734657
Lagenorhynchus_acutus	3.079181246	5.270719702	27.78048618
Lagenorhynchus_albirostris	3.051538391	4.829303773	23.32217493
Lagenorhynchus_obliquidens	3.055664963	4.953034457	24.53255033
Lipotes_vexillifer	2.746634199	5.255272505	27.6178891
Megaptera_novaeangliae	3.785329835	7.477844476	55.91815801
Mesoplodon_densirostris	3.165244326	5.884795364	34.63081648
Mesoplodon_europaeus	3.332236415	5.864511081	34.39249022
Mesoplodon_mirus	3.371990911	5.968015714	35.61721156
Monodon_monoceros	3.476686743	6.198197811	38.4176561
Neophocaena_phocaenoides	2.670245853	4.51054501	20.34501629
Orcinus_orca	3.781898919	6.514946005	42.44452145
Phocoena_phocoena	2.718501689	4.687082845	21.9687456
Phocoenoides_dalli	2.920992437	4.992700761	24.92706089
Physeter_catodon	3.912917858	7.554287169	57.06725463
Platanista_gangetica	2.469822016	4.770852012	22.76102892
Platanista_minor	2.214843848	4.26245109	18.16848929
Pontoporia_blainvillei	2.344844019	4.542700969	20.63613209
Pseudorca_crassidens	3.634174872	6.301029996	39.70297901
Sotalia_fluviatilis	2.837588438	4.625312451	21.39351527
Stenella_attenuata	2.892	4.817	23.203489
Stenella_coeruleoalba	2.946329427	4.802773725	23.06663545
Stenella_longirostris	2.653212514	4.526339277	20.48774725
Steno_bredanensis	3.188084374	5.096412896	25.97342441
Tursiops_truncatus	3.196727846	5.231673437	27.37040695
Ziphius_cavirostris	3.301897717	6.356599436	40.40635639
Ametrida_centurio	-0.537602002	1.021189299	1.042827584
Anoura_caudifer	-0.392544977	1.025305865	1.051252117
Anoura_geoffroyi	-0.232102384	1.204119983	1.449904933
Ardops_nichollsi	-0.247951552	1.352182518	1.828397562
Artibeus_cinereus	-0.330683119	1.100370545	1.210815336
Artibeus_concolor	-0.19859629	1.28780173	1.658433296
Artibeus_glaucus	-0.322393047	1.086359831	1.180177682
Artibeus_jamaicensis	-0.031517051	1.574031268	2.477574433
Artibeus_lituratus	0.021189299	1.768638101	3.128080732
Artibeus_phaeotis	-0.348721986	1.071882007	1.148931037
Asellia_tridens	-0.619788758	1.10720997	1.225913918
Aselliscus_stoliczkanus	-0.823908741	0.69019608	0.476370629
Aselliscus_tricuspidatus	-0.872895202	0.643452676	0.414031346
Barbastella_barbastellus	-0.73754891	0.763427994	0.582822302
Brachyphylla_cavernarum	0.07773118	1.648360011	2.717090726
Cardioderma_cor	-0.173925197	1.414973348	2.002149576
Carollia_perspicillata	-0.327902142	1.204119983	1.449904933
Casinycteris_argynnis	-0.036212173	1.607455023	2.583911651
Chaerephon_pumilus	-0.537602002	1.123851641	1.263042511
Chalinolobus_gouldii	-0.619788758	1.068185862	1.141021036
Chalinolobus_morio	-0.735182177	0.919078092	0.844704539
Chiroderma_salvini	-0.089375595	1.416640507	2.006870326
Chiroderma_trinitatum	-0.270025714	1.136720567	1.292133647
Chiroderma_villosum	-0.151195299	1.394451681	1.944495491
Choeroniscus_minor	-0.410050399	0.982271233	0.964856775
Coleura_afra	-0.590066877	1.06069784	1.125079908
Cormura_brevirostris	-0.659555885	0.913813852	0.835055756
Craseonycteris_thonglongyai	-1.060480747	0.408239965	0.166659869
Cynopterus_brachyotis	-0.055517328	1.462397998	2.138607905
Cynopterus_horsfieldii	0.089905111	1.72427587	2.973127276
Cynopterus_sphinx	0.078819183	1.713490543	2.936049841
Desmodus_rotundus	-0.046723663	1.462397998	2.138607905
Diaemus_youngi	-0.013228266	1.539076099	2.368755239
Diphylla_ecaudata	-0.097997109	1.489958479	2.219976269
Eidolon_helvum	0.632457292	2.418301291	5.848181134
Emballonura_monticola	-0.779891912	0.72427587	0.524575536
Emballonura_raffrayana	-0.759450752	0.770852012	0.594212824
Eonycteris_spelaea	0.071882007	1.698970004	2.886499074
Eptesicus_brasiliensis	-0.698970004	0.963787827	0.928886975
Eptesicus_dimissus	-0.63638802	1.176091259	1.383190649
Eptesicus_fuscus	-0.623423043	1.133538908	1.284910456
Eptesicus_serotinus	-0.508638306	1.369215857	1.874752063
Eumops_auripendulus	-0.213248578	1.5289167	2.337586276
Furipterus_horrens	-0.896196279	0.53529412	0.286539795
Glischropus_tylopus	-1	0.69019608	0.476370629
Glossophaga_longirostris	-0.361510743	1.053078443	1.108974207
Glossophaga_soricina	-0.408935393	1.049218023	1.10085846
Harpiocephalus_harpia	-0.354577731	1.130333768	1.277654427
Hesperoptenus_blanfordi	-0.801342913	0.86332286	0.745326361
Hipposideros_armiger	-0.096910013	1.748188027	3.056161378
Hipposideros_ater	-0.671620397	0.838849091	0.703667797
Hipposideros_bicolor	-0.619788758	0.924279286	0.854292199
Hipposideros_caffer	-0.494850022	1.029383778	1.059630962
Hipposideros_commersoni	-0.125518182	1.996511672	3.986058856
Hipposideros_diadema	-0.151810883	1.622214023	2.631578336
Hipposideros_fulvus	-0.627087997	0.84509804	0.714190697
Hipposideros_galeritus	-0.555955204	1.017033339	1.034356813
Hipposideros_lankadiva	-0.134896025	1.685741739	2.841725211
Hipposideros_larvatus	-0.384049948	1.311753861	1.720698192
Hipposideros_ridleyi	-0.571865206	0.982271233	0.964856775
Hipposideros_ruber	-0.576754126	0.86332286	0.745326361
Hipposideros_speoris	-0.54668166	1.06069784	1.125079908
Hipposideros_turpis	-0.222573178	1.541579244	2.376466566
Hypsignathus_monstrosus	0.531478917	2.531478917	6.408385507
Hypsugo_pulveratus	-0.844663963	0.72427587	0.524575536
Ia_io	-0.118615343	1.726727209	2.981586854
Kerivoula_papillosa	-0.508638306	1.004321374	1.008661422
Lasiurus_borealis	-0.769551079	0.892094603	0.795832781
Leptonycteris_curasoae	-0.259637311	1.389166084	1.929782409
Leptonycteris_nivalis	-0.232102384	1.357934847	1.843987049
Lonchophylla_mordax	-0.364516253	1.029383778	1.059630962
Hsunycteris_thomasi	-0.472370099	0.838849091	0.703667797
Lophostoma_schulzi	-0.292429824	1.328379603	1.76459237
Lophostoma_silvicolum	-0.121478204	1.509202522	2.277692252
Macroderma_gigas	0.23146959	2.078456818	4.319982744
Macrophyllum_macrophyllum	-0.493494968	0.934498451	0.873287355
Megaderma_lyra	-0.042392713	1.586587305	2.517259276
Megaderma_spasma	-0.191114133	1.354108439	1.833609665
Mesophylla_macconnelli	-0.463441557	0.875061263	0.765732214
Micronycteris_brachyotis	-0.389339837	1.167317335	1.362629761
Micronycteris_megalotis	-0.562249437	0.812913357	0.660828126
Micronycteris_minuta	-0.543633967	0.838849091	0.703667797
Micronycteris_schmidtorum	-0.511449283	0.892094603	0.795832781
Mimon_crenulatum	-0.468521083	1.170261715	1.369512482
Miniopterus_australis	-0.690369833	0.851258349	0.724640777
Miniopterus_inflatus	-0.488116639	1.173186268	1.376366019
Miniopterus_magnater	-0.48945499	1.176091259	1.383190649
Miniopterus_pusillus	-0.665546249	0.934498451	0.873287355
Miniopterus_schreibersii	-0.537602002	1.103803721	1.218382654
Miniopterus_tristis	-0.477555766	1.193124598	1.423546306
Monophyllus_plethodon	-0.351639989	1.176091259	1.383190649
Mormopterus_jugularis	-0.657577319	1.06069784	1.125079908
Murina_cyclotis	-0.603800653	0.851258349	0.724640777
Murina_huttoni	-0.588380294	0.944482672	0.892047518
Myotis_adversus	-0.595166283	1.049218023	1.10085846
Myotis_albescens	-0.899629455	0.602059991	0.362476233
Myotis_annectans	-0.655607726	0.991226076	0.982529134
Myotis_bechsteinii	-0.576754126	0.875061263	0.765732214
Myotis_bocagii	-0.677780705	0.880813592	0.775832584
Myotis_dasycneme	-0.508638306	1.176091259	1.383190649
Myotis_daubentonii	-0.638272164	0.84509804	0.714190697
Myotis_fortidens	-0.886056648	0.633468456	0.401282285
Myotis_hasseltii	-0.725842151	0.875061263	0.765732214
Myotis_horsfieldii	-0.705533774	0.799340549	0.638945313
Myotis_lucifugus	-0.772113295	0.897627091	0.805734394
Myotis_muricola	-0.906578315	0.681241237	0.464089623
Myotis_myotis	-0.318758763	1.397940009	1.954236269
Myotis_mystacinus	-0.795880017	0.602059991	0.362476233
Myotis_nattereri	-0.657577319	0.84509804	0.714190697
Myotis_nigricans	-0.920818754	0.653212514	0.426686588
Myotis_siligorensis	-0.987162775	0.539076099	0.290603041
Myotis_tricolor	-0.586700236	1.133538908	1.284910456
Natalus_tumidirostris	-0.610833916	0.838849091	0.703667797
Neoromicia_nanus	-1	0.591064607	0.34935737
Noctilio_albiventris	-0.259637311	1.58546073	2.513685726
Noctilio_leporinus	0.100370545	1.767155866	3.122839855
Nyctalus_noctula	-0.438898616	1.431363764	2.048802225
Nycteris_arge	-0.443697499	1.025305865	1.051252117
Nycteris_grandis	-0.149353765	1.474216264	2.173313593
Nycteris_hispida	-0.54668166	0.892094603	0.795832781
Nycteris_javanica	-0.327902142	1.264817823	1.599764125
Nycteris_macrotis	-0.411168274	1.161368002	1.348775636
Nycteris_thebaica	-0.490797478	0.949390007	0.901341385
Nyctophilus_geoffroyi	-0.777283529	0.857332496	0.735019009
Otomops_martiensseni	-0.121478204	1.618048097	2.618079644
Peropteryx_macrotis	-0.795880017	0.748188027	0.559785324
Phylloderma_stenops	0.126456113	1.663700925	2.767900768
Phyllostomus_discolor	-0.050609993	1.51851394	2.305884586
Phyllostomus_elongatus	-0.053056729	1.652246341	2.729917971
Phyllostomus_hastatus	0.18582536	1.962842681	3.85275139
Pipistrellus_coromandra	-0.978810701	0.662757832	0.439247944
Pipistrellus_javanicus	-0.924453039	0.653212514	0.426686588
Pipistrellus_kuhlii	-0.779891912	0.799340549	0.638945313
Pipistrellus_subflavus	-0.903089987	0.72427587	0.524575536
Pipistrellus_tenuis	-1.026872146	0.591064607	0.34935737
Platyrrhinus_helleri	-0.37675071	1.064457989	1.13307081
Plecotus_auritus	-0.623423043	0.819543936	0.671652263
Pteronotus_davyi	-0.508638306	1.025305865	1.051252117
Pteronotus_gymnonotus	-0.46470588	1.133538908	1.284910456
Pteronotus_parnellii	-0.26520017	1.305351369	1.703942197
Pteronotus_personatus	-0.642065153	0.908485019	0.82534503
Pteropus_giganteus	0.890979597	2.761175813	7.62409187
Pteropus_lylei	0.787359252	2.497324641	6.236630363
Pteropus_rufus	0.863407841	2.573865791	6.62478511
Rhinolophus_acuminatus	-0.519993057	1.08278537	1.172424157
Rhinolophus_affinis	-0.449771647	1.136720567	1.292133647
Rhinolophus_capensis	-0.591760035	1.10720997	1.225913918
Rhinolophus_clivosus	-0.616184634	1.303196057	1.698319963
Rhinolophus_coelophyllus	-0.586700236	0.886490725	0.785865806
Rhinolophus_cornutus	-0.71219827	0.819543936	0.671652263
Rhinolophus_eloquens	-0.393618635	1.281033367	1.641046487
Rhinolophus_ferrumequinum	-0.455931956	1.371067862	1.879827082
Rhinolophus_hildebrandti	-0.200659451	1.463892989	2.142982683
Rhinolophus_hipposideros	-0.826813732	0.662757832	0.439247944
Rhinolophus_landeri	-0.557520231	0.986771734	0.973718455
Rhinolophus_lepidus	-0.732828272	0.77815125	0.605519368
Rhinolophus_luctus	-0.2069084	1.515873844	2.297873511
Rhinolophus_macrotis	-0.681936665	0.799340549	0.638945313
Rhinolophus_malayanus	-0.694648631	0.806179974	0.64992615
Rhinolophus_megaphyllus	-0.583359493	0.991226076	0.982529134
Rhinolophus_mehelyi	-0.508638306	0.986771734	0.973718455
Rhinolophus_pearsonii	-0.478861916	1.1430148	1.306482833
Rhinolophus_pusillus	-0.785156152	0.672097858	0.451715531
Rhinolophus_robinsoni	-0.557520231	0.924279286	0.854292199
Rhinolophus_thomasi	-0.632644079	0.954242509	0.910578766
Rhinolophus_trifoliatus	-0.453457337	1.164352856	1.355717573
Rhinonicteris_aurantia	-0.605548319	0.934498451	0.873287355
Rhinophylla_pumilio	-0.448550002	0.949390007	0.901341385
Rhinopoma_hardwickii	-0.560667306	1.11058971	1.233409504
Rhinopoma_microphyllum	-0.412289035	1.46834733	2.156043882
Rhogeessa_parvula	-0.950781977	0.653212514	0.426686588
Rhogeessa_tumida	-0.974694135	0.707570176	0.500655554
Rhynchonycteris_naso	-0.958607315	0.633468456	0.401282285
Rousettus_aegyptiacus	0.414973348	2.113943352	4.468756495
Saccopteryx_bilineata	-0.657577319	0.903089987	0.815571525
Saccopteryx_canescens	-0.886056648	0.531478917	0.282469839
Saccopteryx_leptura	-0.793174124	0.707570176	0.500655554
Scotomanes_ornatus	-0.415668776	1.338456494	1.791465786
Scotophilus_dinganii	-0.359518563	1.385606274	1.919904747
Scotophilus_kuhlii	-0.467245621	1.309630167	1.715131174
Scotophilus_nigrita	0.019531685	2.005609445	4.022469246
Sphaeronycteris_toxophyllum	-0.280668713	1.264817823	1.599764125
Sturnira_lilium	-0.283996656	1.23299611	1.520279407
Sturnira_ludovici	-0.170053304	1.413299764	1.997416223
Sturnira_tildae	-0.154281982	1.387389826	1.924850529
Tadarida_aegyptiaca	-0.40560745	1.247973266	1.557437273
Taphozous_australis	-0.286509457	1.380211242	1.904983073
Taphozous_longimanus	-0.327902142	1.365487985	1.864557437
Taphozous_mauritianus	-0.258848401	1.462397998	2.138607905
Taphozous_melanopogon	-0.27083521	1.356025857	1.838806125
Thyroptera_tricolor	-0.638272164	0.653212514	0.426686588
Tonatia_bidens	-0.103473783	1.46834733	2.156043882
Trachops_cirrhosus	0.001300933	1.567026366	2.455571632
Triaenops_persicus	-0.567030709	1.136720567	1.292133647
Tylonycteris_pachypus	-1.096910013	0.681241237	0.464089623
Tylonycteris_robustula	-0.93930216	0.857332496	0.735019009
Uroderma_bilobatum	-0.27572413	1.214843848	1.475845575
Vampyressa_pusilla	-0.4225082	0.934498451	0.873287355
Vampyrum_spectrum	0.412796429	2.238046103	5.008850359
Bettongia_gaimardi	1.083545617	3.104828404	9.639959418
Bettongia_penicillata	0.995817648	2.991669007	8.950083447
Cercartetus_concinnus	-0.50751899	0.977723605	0.955943448
Cercartetus_lepidus	-0.428337744	0.892094603	0.795832781
Dactylopsila_trivirgata	0.78102831	2.704150517	7.312430019
Dendrolagus_dorianus	1.524562278	3.897462138	15.19021112
Dendrolagus_inustus	1.493926251	4.005137596	16.04112716
Distoechurus_pennatus	-0.011512391	1.657055853	2.7458341
Gymnobelideus_leadbeateri	0.470204615	1.956648579	3.828473662
Lagorchestes_conspicillatus	1.161487791	3.30427505	10.91823361
Macropus_antilopinus	1.769708091	4.495350041	20.20817199
Macropus_eugenii	1.390108101	3.645913275	13.29268361
Macropus_giganteus	1.790115119	4.510115119	20.34113839
Macropus_parma	1.240549248	3.575187845	12.78196813
Macropus_parryi	1.631309807	4.181672122	17.48638174
Macropus_robustus	1.786211767	4.550717423	20.70902906
Macropus_rufogriseus	1.581471774	4.088401902	16.71503011
Onychogalea_fraenata	1.130333768	3.15624619	9.961890012
Petauroides_volans	0.686532598	2.954242509	8.727548802
Petrogale_concinna	1.056752441	3.148294097	9.911755721
Petrogale_penicillata	1.393757656	3.777426822	14.2689534
Petrogale_persephone	1.347798215	3.758306182	14.12486536
Phalanger_carmelitae	0.944267446	3.244029589	10.52372797
Phalanger_orientalis	0.934960779	3.223755454	10.39259923
Phalanger_vestitus	0.99490813	3.223236273	10.38925207
Pseudocheirus_peregrinus	0.761993954	2.880241776	8.295792688
Setonix_brachyurus	1.243038049	3.544068044	12.5604183
Spilocuscus_maculatus	1.142464554	3.495127881	12.2159189
Thylogale_billardierii	1.359752029	3.558468563	12.66269851
Thylogale_thetis	1.298660984	3.567496891	12.72703407
Trichosurus_vulpecula	1.056828653	3.245759356	10.5349538
Vombatus_ursinus	1.786211767	4.434441152	19.66426833
Wallabia_bicolor	1.514547753	4.214843848	17.76490866
Atelerix_albiventris	0.350248018	2.447158031	5.988582429
Atelerix_algirus	0.505149978	2.897627091	8.396242758
Blarina_brevicauda	-0.53945294	1.247973266	1.557437273
Condylura_cristata	0.136720567	1.698970004	2.886499074
Crocidura_fuscomurina	-0.886056648	0.748188027	0.559785324
Crocidura_olivieri	-0.357	1.447	2.093809
Crocidura_russula	-0.721246399	1.01911629	1.038598013
Cryptotis_parva	-0.920818754	0.72427587	0.524575536
Desmana_moschata	0.602059991	2.643452676	6.98784205
Erinaceus_europaeus	0.564127838	2.857595625	8.165852756
Galemys_pyrenaicus	0.123851641	1.759667845	3.096430925
Hemiechinus_auritus	0.278753601	2.397940009	5.750116287
Neomys_fodiens	-0.515700161	1.213517757	1.472625347
Neurotrichus_gibbsii	-0.040958608	1	1
Notiosorex_crawfordi	-0.823908741	0.77815125	0.605519368
Scalopus_aquaticus	0.170261715	1.597695186	2.552629907
Scapanus_townsendii	0.305351369	1.84509804	3.404386777
Solenodon_paradoxus	0.669316881	2.954242509	8.727548802
Sorex_araneus	-0.647817482	0.949390007	0.901341385
Sorex_arcticus	-0.568636236	0.913813852	0.835055756
Sorex_cinereus	-0.769551079	0.591064607	0.34935737
Sorex_fumeus	-0.677780705	0.949390007	0.901341385
Sorex_hoyi	-1.029188389	0.484299839	0.234546334
Sorex_minutus	-0.886056648	0.662757832	0.439247944
Sorex_monticolus	-0.638272164	0.799340549	0.638945313
Sorex_ornatus	-0.920818754	0.698970004	0.488559066
Sorex_palustris	-0.508638306	1.075546961	1.156801265
Sorex_trowbridgii	-0.677780705	0.72427587	0.524575536
Sorex_vagrans	-0.769551079	0.72427587	0.524575536
Suncus_etruscus	-1.148741651	0.350248018	0.122673674
Suncus_murinus	-0.408935393	1.544068044	2.384146125
Talpa_europaea	0.147160841	1.89116563	3.57650744
Antechinomys_laniger	-0.312542387	1.250420002	1.563550181
Antechinus_bellus	-0.185299695	1.660865478	2.758474136
Antechinus_flavipes	-0.178460271	1.487138375	2.211580546
Antechinus_leo	-0.109578981	1.779596491	3.166963671
Antechinus_minimus	-0.115408525	1.559906625	2.433308679
Antechinus_stuartii	-0.103826652	1.474216264	2.173313593
Antechinus_swainsonii	0.052786253	1.802773725	3.249993104
Caluromys_derbianus	0.546838672	2.460897843	6.056018194
Caluromys_lanatus	0.491361694	2.584331224	6.678767875
Caluromys_philander	0.5594278	2.442479769	5.965707422
Dasyuroides_byrnei	0.191451014	1.992995098	3.972029461
Dasyurus_hallucatus	0.544276456	2.710117365	7.344736132
Didelphis_marsupialis	0.781755375	3.18610838	10.15128661
Didelphis_virginiana	0.842729028	3.446692466	11.87968896
Echymipera_clara	0.666637769	3.08170727	9.496919698
Echymipera_rufescens	0.587068587	2.902002891	8.421620779
Isoodon_macrourus	0.660782025	2.914871818	8.496477715
Isoodon_obesulus	0.605309357	2.839478047	8.062635579
Macrotis_lagotis	0.832925125	3.26927939	10.68818773
Marmosa_mexicana	0.015359755	1.669316881	2.786618849
Marmosa_murina	0.056752441	1.77815125	3.161821868
Marmosa_robinsoni	-0.139542205	1.703291378	2.901201518
Marmosa_rubra	0.094541001	1.77815125	3.161821868
Metachirus_nudicaudatus	0.5594278	2.591064607	6.713615798
Monodelphis_brevicaudata	-0.030397735	1.810232518	3.276941769
Murexia_longicaudata	0.240669037	2.472024698	6.110906108
Myrmecobius_fasciatus	0.643748685	2.607883744	6.801057622
Paramurexia_rothschildi	0.036549054	1.792391689	3.212667967
Parantechinus_apicalis	0.094541001	1.781755375	3.174652216
Perameles_bougainville	0.521864788	2.6599162	7.075154191
Perameles_gunnii	0.668572269	3.000867722	9.005207085
Perameles_nasuta	0.710841432	3.104828404	9.639959418
Peroryctes_raffrayana	0.816763465	2.989894564	8.939469504
Phascogale_calura	-0.025598852	1.641474111	2.694437257
Philander_opossum	0.598558529	2.755874856	7.594846222
Planigale_gilesi	-0.754191323	0.785329835	0.61674295
Rhyncholestes_raphanurus	-0.171726888	1.301029996	1.69267905
Sminthopsis_crassicaudata	-0.428337744	1.123851641	1.263042511
Sminthopsis_griseoventer	-0.294444165	1.29666519	1.681340615
Sminthopsis_macroura	-0.382580253	1.230448921	1.514004547
Thylamys_elegans	-0.133381896	1.303196057	1.698319963
Alouatta_caraya	1.705007959	3.700054386	13.69040246
Alouatta_palliata	1.699273904	3.774662923	14.24808018
Alouatta_seniculus	1.658011397	3.451402614	11.91218
Aotus_trivirgatus	1.205204364	2.846139098	8.100507765
Arctocebus_calabarensis	0.886	2.49	6.2001
Ateles_fusciceps	2.055378331	3.955519386	15.64613361
Ateles_geoffroyi	2.021034166	3.76147678	14.14870757
Ateles_paniscus	2.037267095	3.53529412	12.49830451
Avahi_laniger	1.020775488	3.108903128	9.665278659
Plecturocebus_moloch	1.278753601	2.954242509	8.727548802
Callimico_goeldii	1.041	2.746634199	7.543999423
Callithrix_geoffroyi	0.880241776	2.447158031	5.988582429
Callithrix_jacchus	0.888281633	2.540897998	6.456162636
Callithrix_pygmaea	0.666517981	2.129528774	4.534892799
Cebus_albifrons	1.798995734	3.209515015	10.30098663
Sapajus_apella	1.85308222	3.41313205	11.64947039
Cebus_capucinus	1.845934801	3.32322631	11.04383311
Cebus_olivaceus	1.860338007	3.428863408	11.75710427
Cercocebus_agilis	1.979092901	3.672097858	13.48430268
Cercocebus_torquatus	2.146	3.934	15.476356
Cercopithecus_ascanius	1.826	3.549032705	12.59563314
Cercopithecus_cephus	1.880813592	3.54510085	12.56774004
Cercopithecus_mitis	1.875061263	3.799340549	14.43498861
Cercopithecus_mona	1.826074803	3.477265995	12.0913788
Cheirogaleus_major	0.832508913	2.653212514	7.039536644
Cheirogaleus_medius	0.524179678	2.25446751	5.082623754
Chlorocebus_aethiops	1.807083813	3.538154652	12.51853834
Chlorocebus_pygerythrus	1.826074803	3.662757832	13.41579494
Colobus_angolensis	1.871572936	3.985426474	15.88362418
Colobus_guereza	1.923761961	4.01204592	16.09651246
Colobus_polykomos	1.982271233	3.832508913	14.68812457
Daubentonia_madagascariensis	1.654657755	3.447158031	11.88289849
Erythrocebus_patas	2.000867722	3.867820908	14.96003858
Eulemur_fulvus	1.367	3.376027355	11.3975607
Eulemur_macaco	1.354108439	3.319349002	11.0180778
Eulemur_mongoz	1.38081401	3.192938963	10.19485922
Eulemur_rubriventer	1.396199347	3.006466042	9.038838062
Galago_senegalensis	0.770852012	2.477603536	6.138519282
Galagoides_demidoff	0.5289167	1.908485019	3.642315068
Gorilla_gorilla	2.657581662	5.082695631	25.83379488
Homo_sapiens	3.097058888	4.813866803	23.1733136
Hylobates_agilis	1.944975908	3.742626952	14.0072565
Hylobates_lar	1.973100132	3.744292983	14.01972994
Hylobates_muelleri	1.979149861	3.77487265	14.24966352
Indri_indri	1.583198774	3.795880017	14.4087051
Lagothrix_lagotricha	1.951094557	3.591621038	12.89974168
Lemur_catta	1.335123442	3.320146286	11.02337136
Leontopithecus_rosalia	1.115610512	2.709587931	7.341866756
Lepilemur_mustelinus	0.881	2.825445592	7.983142793
Lepilemur_ruficaudatus	0.880813592	2.961421094	8.770014896
Lophocebus_albigena	1.985875357	3.70969387	13.76182861
Loris_tardigradus	0.77815125	2.507855872	6.289341075
Macaca_arctoides	2.003029471	3.882524538	15.07399679
Macaca_assamensis	1.956648579	3.562887381	12.69416649
Macaca_fascicularis	1.825603128	3.492684213	12.19884301
Macaca_fuscata	1.959	3.978	15.824484
Macaca_maura	1.975339885	3.835436895	14.71057618
Macaca_mulatta	1.944453938	3.663962533	13.42462144
Macaca_nemestrina	2.041392685	3.648945182	13.31480094
Macaca_nigra	1.989004616	3.538070787	12.51794489
Macaca_sinica	1.764549719	3.294466226	10.85350771
Macaca_sylvanus	1.942999593	4.049218023	16.3961666
Mandrillus_sphinx	2.201943063	4.06069784	16.48926695
Microcebus_murinus	0.264817823	1.763427994	3.10967829
Miopithecus_talapoin	1.602	3.096513756	9.588397441
Nasalis_larvatus	1.987	4.088690568	16.71739056
Nycticebus_coucang	1.105254642	2.816572696	7.933081752
Nycticebus_pygmaeus	0.892094603	2.681241237	7.189054571
Otolemur_crassicaudatus	1.097	3.08156692	9.496054682
Otolemur_garnettii	0.898	2.883	8.311689
Pan_paniscus	2.518121055	4.598790507	21.14887413
Pan_troglodytes	2.549995435	4.781275289	22.86059339
Papio_anubis	2.303196057	4.397940009	19.34187632
Papio_cynocephalus	2.228143608	4.243038049	18.00337189
Papio_hamadryas	2.152288344	4.079904468	16.64562047
Papio_papio	2.252853031	4.505149978	20.29637632
Perodicticus_potto	1.081587316	2.968171515	8.810042142
Piliocolobus_badius	1.892094603	3.84509804	14.78477894
Pithecia_monachus	1.544068044	3.176091259	10.08755569
Pongo_pygmaeus	2.534013326	4.734231916	22.41295183
Propithecus_verreauxi	1.426511261	3.541579244	12.54278354
Pygathrix_nemaeus	1.886490725	3.875061263	15.01609979
Saguinus_geoffroyi	1.154525408	2.802545689	7.854262339
Saguinus_midas	1.013	2.732843906	7.468435815
Saguinus_oedipus	0.984205733	2.514737442	6.323904402
Saimiri_boliviensis	1.381295623	2.875061263	8.265977266
Saimiri_oerstedii	1.351216345	2.781755375	7.738162966
Saimiri_sciureus	1.368218434	2.762453482	7.63114924
Semnopithecus_entellus	2.047274867	3.845718018	14.78954707
Symphalangus_syndactylus	2.129689892	4.085361944	16.69018221
Tarsius_bancanus	0.431363764	1.889861721	3.571577325
Tarsius_tarsier	0.556	2.225412673	4.952461565
Theropithecus_gelada	2.113943352	3.887054378	15.10919174
Trachypithecus_cristatus	1.834213617	3.804820679	14.4766604
Trachypithecus_francoisi	1.974971994	3.959041392	15.67400874
Trachypithecus_obscurus	1.8162413	3.763427994	14.16339027
Varecia_variegata	1.494154594	3.432247538	11.78032316
Allactaga_sibirica	0.544068044	2.285557309	5.223772213
Apodemus_agrarius	-0.19928	1.522444234	2.317836446
Apodemus_sylvaticus	-0.248720896	1.340444115	1.796790425
Arvicola_amphibius	0.035829825	2.079181246	4.322994654
Castor_canadensis	1.717753693	4.442009159	19.73144537
Castor_fiber	1.653	4.229	17.884441
Cavia_porcellus	0.684246748	2.677606953	7.169578995
Chaetodipus_californicus	-0.206488994	1.414973348	2.002149576
Chaetodipus_fallax	-0.268636901	1.307496038	1.709545889
Chaetodipus_spinatus	-0.321882413	1.281033367	1.641046487
Chinchilla_lanigera	0.832508913	2.57054294	6.607691006
Cratogeomys_gymnurus	0.621741121	2.804139432	7.863197954
Cricetulus_griseus	-0.173925197	1.556302501	2.422077475
Cricetus_cricetus	0.342422681	2.472756449	6.114524456
Cuniculus_paca	1.546748247	3.663418212	13.420633
Dasyprocta_leporina	1.29666519	3.478565053	12.10041483
Dasyprocta_punctata	1.263399331	3.501333179	12.25933403
Dipodomys_panamintinus	0.202880476	1.86923172	3.494027223
Dolichotis_patagonum	1.484299839	3.903089987	15.23411145
Erethizon_dorsatum	1.341	4.026	16.208676
Geomys_pinetis	0.399175121	2.496237545	6.231201881
Gerbillus_pyramidum	0.017	1.626	2.643876
Glaucomys_volans	0.276	1.809	3.272481
Glis_glis	0.278753601	2.170261715	4.710035912
Holochilus_sciureus	0.149219113	2.050379756	4.204057144
Hydrochoerus_hydrochaeris	1.875061263	4.45484486	19.84564273
Hystrix_cristata	1.568201724	4.127307962	17.03467101
Ictidomys_tridecemlineatus	0.375790866	2.194236749	4.814674911
Isthmomys_pirrensis	0.23299611	2.139879086	4.579082503
Jaculus_orientalis	0.397940009	1.991226076	3.964981286
Lagidium_viscacia	1.178257321	3.391023369	11.49903949
Liomys_irroratus	0.023959927	1.761175813	3.101740244
Marmota_marmota	1.230448921	3.6084351	13.02080387
Marmota_sibirica	1.257678575	3.276461804	10.73520195
Mastomys_natalensis	-0.143	1.663	2.765569
Megadontomys_thomasi	0.100370545	2.045322979	4.183346088
Mesocricetus_auratus	0.009875634	2.06069784	4.246475588
Microdipodops_pallidus	-0.260364375	1.11058971	1.233409504
Microtus_agrestis	-0.133712661	1.51054501	2.281746227
Mus_musculus	-0.301029996	1.285557309	1.652657595
Myocastor_coypus	1.267875419	3.543240028	12.5545499
Myodes_glareolus	-0.226945307	1.316599302	1.733433722
Myoprocta_pratti	0.995635195	2.892094603	8.364211193
Ondatra_zibethicus	0.701567985	3.055550333	9.336387837
Onychomys_leucogaster	-0.096460751	1.437512745	2.066442892
Onychomys_torridus	-0.225728352	1.301464073	1.693808733
Orthogeomys_cherriei	0.540404562	2.607455023	6.798821697
Orthogeomys_heterodus	0.634453086	2.799340549	7.836307509
Orthogeomys_hispidus	0.59969098	2.734079407	7.475190204
Perognathus_parvus	-0.312542387	1.238046103	1.532758153
Peromyscus_aztecus	-0.036212173	1.599118565	2.557180185
Peromyscus_boylii	-0.148741651	1.438858659	2.070314241
Peromyscus_californicus	-0.040958608	1.638821922	2.685737292
Peromyscus_crinitus	-0.27572413	1.13225969	1.282012006
Peromyscus_eremicus	-0.26760624	1.299507299	1.68871922
Peromyscus_gossypinus	-0.167491087	1.451018452	2.105454548
Peromyscus_grandis	0.184691431	1.888291845	3.565646092
Peromyscus_guatemalensis	0.064457989	1.722880611	2.9683176
Peromyscus_leucopus	-0.22184875	1.326540669	1.759710147
Peromyscus_maniculatus	-0.244125144	1.335457901	1.783447805
Peromyscus_megalops	0.049218023	1.820857989	3.315523816
Peromyscus_melanocarpus	0.012837225	1.769377326	3.130696122
Peromyscus_melanophrys	-0.026872146	1.653212514	2.733111616
Peromyscus_melanotis	-0.200659451	1.597695186	2.552629907
Peromyscus_merriami	-0.251811973	1.316389751	1.732881977
Peromyscus_mexicanus	0.006466042	1.667919685	2.781956076
Peromyscus_polionotus	-0.37675071	1.124395529	1.264265306
Peromyscus_truei	-0.124938737	1.436957331	2.064846371
Peromyscus_yucatanicus	-0.15490196	1.419955748	2.016274326
Podomys_floridanus	-0.026872146	1.524612458	2.324443147
Rattus_norvegicus	0.904445041	2.555698895	6.531596842
Rattus_rattus	0.225309282	2.154363101	4.641280371
Sciurus_vulgaris	0.794488047	2.522444234	6.362724914
Sigmodon_hispidus	0.072	2.036	4.145296
Urocitellus_parryii	0.719789872	2.882934164	8.311309394
Zygogeomys_trichopus	0.596284731	2.736396502	7.487865816
Ochotona_hyperborea	0.346352974	2.079181246	4.322994654
Ochotona_princeps	0.378397901	2.227886705	4.96347917
Ochotona_rufescens	0.439332694	2.397940009	5.750116287
Sylvilagus_brasiliensis	0.653212514	2.64246452	6.982618739
Sylvilagus_audubonii	0.783188691	2.898999271	8.404196773
Sylvilagus_bachmani	0.818225894	2.852723911	8.138033712
Sylvilagus_floridanus	0.878521796	3.015359755	9.092394452
Lepus_americanus	0.987666265	3.176091259	10.08755569
Lepus_capensis	1.032618761	3.382467322	11.44108518
Oryctolagus_cuniculus	1.045062063	3.333970933	11.11536218
Lepus_californicus	1.121559844	3.364532235	11.32007716
Lepus_europaeus	1.156851901	3.290924559	10.83018445
Lepus_timidus	1.178833117	3.515144995	12.35624434
Lepus_arcticus	1.198657087	3.626443025	13.15108901
Ornithorhynchus_anatinus	1.003599518	3.142702246	9.876577407
Tachyglossus_aculeatus	1.316690938	3.62838893	13.16520623
Zaglossus_bruijni	1.572253074	3.875061263	15.01609979
Tapirus_bairdii	1.929418926	4.154119526	17.25670904
Tapirus_terrestris	2.423245874	5.229161093	27.34412574
Equus_asinus	2.63748973	5.369215857	28.82847892
Equus_zebra	2.737987326	5.45096023	29.71296743
Equus_burchellii	2.786751422	5.397940009	29.13775634
Diceros_bicornis	2.8162413	5.883916827	34.62047723
Tupaia_minor	0.411619706	1.84509804	3.404386777
Tupaia_glis	0.505149978	2.230448921	4.974902389
Urogale_everetti	0.631443769	2.439332694	5.950343992
Equus_caballus	2.852479994	5.684845362	32.31746679
Tapirus_indicus	2.358	5.472	29.942784
Tragelaphus_imberbis	2.340444115	5.161368002	26.63971965
Kobus_leche	2.347720217	5.089905111	25.90713404
Tragelaphus_angasii	2.361727836	5.136720567	26.38589818
Hippotragus_niger	2.450249108	5.217483944	27.22213871
Oryx_gazella	2.465382851	5.217483944	27.22213871
Tragelaphus_buxtoni	2.51851394	5.447158031	29.67153061
Tragelaphus_strepsiceros	2.557507202	5.447158031	29.67153061
Hippotragus_equinus	2.58871978	5.377260706	28.9149327
Taurotragus_derbianus	2.727541257	5.954242509	35.45300386
Hyemoschus_aquaticus	1.401400541	4.033423755	16.26850719
Neotragus_moschatus	1.505149978	3.511883361	12.33332474
Philantomba_monticola	1.681241237	3.752048448	14.07786756
Raphicerus_melanotis	1.740362689	4.004321374	16.03458967
Mazama_americana	1.748188027	3.544068044	12.5604183
Oreotragus_oreotragus	1.773786445	4.041392685	16.33285483
Gazella_dorcas	1.850033258	4.237418056	17.95571178
Cephalophus_zebra	1.919078092	4	16
Cephalophus_natalensis	1.924795996	4.096910013	16.78467165
Cephalophus_nigrifrons	1.929418926	4.135132651	17.09932204
Cephalophus_leucogaster	1.968482949	4.113943352	16.9245299
Litocranius_walleri	2.070037867	4.599337133	21.15390206
Pelea_capreolus	2.08278537	4.380211242	19.18625052
Redunca_redunca	2.089905111	4.67669361	21.87146312
Phacochoerus_africanus	2.122215878	4.826074803	23.290998
Redunca_arundinum	2.136086097	4.582063363	20.99530466
Potamochoerus_porcus	2.139879086	4.875061263	23.76622232
Nanger_granti	2.1430148	4.607455023	21.22864179
Hylochoerus_meinertzhageni	2.149219113	5.301029996	28.10091902
Axis_porcinus	2.152288344	4.477121255	20.04461473
Tragelaphus_spekii	2.161368002	4.62324929	21.374434
Nanger_dama	2.176091259	4.77815125	22.83072937
Cephalophus_silvicultor	2.230448921	4.633468456	21.46902993
Odocoileus_hemionus	2.277150614	4.770778396	22.7603265
Kobus_kob	2.309630167	5.070037867	25.70528397
Alcelaphus_lichtensteini	2.552668216	5.217483944	27.22213871
Alces_americanus	2.609594409	5.434568904	29.53453917
Camelus_bactrianus	2.759667845	5.602059991	31.38307614
Mirounga_angustirostris	2.826074803	5.84509804	34.1651711
Genetta_pardina	1.187520721	3.013679697	9.082265316
Mustela_nivalis	0.301029996	1.77815125	3.161821868
Mustela_frenata	0.602059991	2.217483944	4.917235042
Mustela_altaica	0.651278014	2.278753601	5.192717974
Ictonyx_libyca	0.651278014	2.361727836	5.577758371
Poecilogale_albinucha	0.653212514	2.397940009	5.750116287
Helogale_parvula	0.681241237	2.426511261	5.8879569
Vormela_peregusna	0.681241237	2.651278014	7.029275108
Spilogale_putorius	0.698970004	2.5132176	6.316262705
Mustela_sibirica	0.77815125	2.596597096	6.742316479
Spilogale_gracilis	0.833147112	2.62324929	6.881436837
Neovison_vison	0.84509804	2.809559715	7.893625792
Herpestes_javanicus	0.857332496	2.721810615	7.408253024
Mustela_lutreola	0.929418926	2.770852012	7.677620872
Prionodon_linsang	0.929418926	2.843855423	8.087513667
Ictonyx_striatus	0.929418926	2.85308953	8.140119866
Mustela_nigripes	0.929418926	2.907948522	8.456164607
Galerella_sanguinea	0.944482672	2.726727209	7.435041272
Prionodon_pardicolor	0.95568775	2.653212514	7.039536644
Crossarchus_obscurus	0.999565488	2.937016107	8.626063613
Suricata_suricatta	1.012837225	2.860338007	8.181533514
Herpestes_edwardsii	1.020775488	3.100370545	9.612297516
Cynictis_penicillata	1.021189299	2.756636108	7.599042632
Mungos_mungo	1.021189299	2.934498451	8.611281159
Galidia_elegans	1.029383778	2.960946196	8.767202376
Salanoia_concolor	1.042181595	2.892094603	8.364211193
Galerella_pulverulenta	1.042181595	2.924279286	8.551409343
Herpestes_fuscus	1.098643726	3.049218023	9.297730552
Genetta_genetta	1.146128036	3.260071388	10.62806545
Conepatus_leuconotus	1.158362492	3.303196057	10.91110419
Herpestes_smithii	1.164352856	3.080987047	9.492481184
Mydaus_marchei	1.172310969	3.150449409	9.925331479
Genetta_angolensis	1.190051418	3.322219295	11.03714104
Martes_americana	1.198657087	2.934498451	8.611281159
Paracynictis_selousi	1.198657087	3.230448921	10.43580023
Bassariscus_astutus	1.204119983	2.99343623	8.960660463
Genetta_servalina	1.204119983	3.112269768	9.686223109
Viverricula_indica	1.224791956	3.424881637	11.72981423
Bdeogale_crassicauda	1.229169703	3.096910013	9.590851629
Rhynchogale_melleri	1.229169703	3.434568904	11.79626356
Eupleres_goudotii	1.230448921	3.267171728	10.6744111
Vulpes_zerda	1.238046103	2.986323777	8.918129701
Nandinia_binotata	1.238046103	3.503790683	12.27654915
Paradoxurus_zeylonensis	1.250663919	3.434568904	11.79626356
Galictis_vittata	1.254548077	3.123198075	9.754366216
Martes_zibellina	1.267171728	3.053078443	9.321287979
Conepatus_chinga	1.271841607	3.200576927	10.24369267
Galictis_cuja	1.274157849	3.075546961	9.458989109
Hemigalus_derbyanus	1.276461804	3.309843005	10.95506072
Prionailurus_rubiginosus	1.276921132	3.152288344	9.936921804
Bassaricyon_gabbii	1.285557309	3.096910013	9.590851629
Bassaricyon_alleni	1.287129621	3.091666958	9.558404579
Mydaus_javanensis	1.289811839	3.399673721	11.55778141
Fossa_fossana	1.294245716	3.176091259	10.08755569
Felis_nigripes	1.303196057	3.041392685	9.250069464
Herpestes_urva	1.320354033	3.372912003	11.37653538
Prionailurus_planiceps	1.342027688	3.322219295	11.03714104
Arctogalidia_trivirgata	1.342027688	3.390935107	11.4984409
Herpestes_ichneumon	1.367355921	3.513883186	12.34737504
Viverra_tangalunga	1.382017043	3.673020907	13.49108258
Herpestes_naso	1.407050815	3.477121255	12.09037222
Herpestes_vitticollis	1.411451342	3.359835482	11.28849447
Vulpes_rueppellii	1.411619706	3.352182518	11.23712763
Atilax_paludinosus	1.45484486	3.564666064	12.70684415
Nyctereutes_procyonoides	1.45484486	3.604226053	12.99044544
Martes_pennanti	1.462397998	3.352182518	11.23712763
Prionailurus_bengalensis	1.467903947	3.737987326	13.97254925
Cynogale_bennettii	1.476541809	3.603144373	12.98264937
Paguma_larvata	1.489958479	3.681241237	13.55153704
Vulpes_velox	1.506505032	3.370142847	11.35786281
Cryptoprocta_ferox	1.506505032	3.8309093	14.67586606
Hydrictis_maculicollis	1.51851394	3.633468456	13.20209302
Vulpes_chama	1.525044807	3.470557485	12.04476926
Leopardus_geoffroyi	1.531478917	3.555094449	12.63869654
Martes_flavigula	1.533009022	3.399673721	11.55778141
Otocolobus_manul	1.537441283	3.477121255	12.09037222
Proteles_cristatus	1.546542663	3.945468585	15.56672236
Vulpes_lagopus	1.550228353	3.533390708	12.4848499
Viverra_megaspila	1.563481085	3.929418926	15.4403331
Felis_chaus	1.568201724	3.703291378	13.71436703
Viverra_zibetha	1.568201724	3.929418926	15.4403331
Civettictis_civetta	1.568201724	4.051152522	16.41183676
Aonyx_cinerea	1.580810973	3.608526034	13.02146014
Lontra_felina	1.589949601	3.602059991	12.97483618
Speothos_venaticus	1.607455023	3.777426822	14.2689534
Arctictis_binturong	1.611192061	4.059563418	16.48005514
Puma_yagouaroundi	1.611723308	3.395326393	11.52824132
Lycalopex_griseus	1.628082261	3.635885685	13.21966471
Meles_meles	1.658011397	4.004321374	16.03458967
Prionailurus_viverrinus	1.667733053	3.924795996	15.40402361
Eira_barbara	1.672559628	3.426185825	11.73874931
Arctonyx_collaris	1.693726949	4.020775488	16.16663552
Cerdocyon_thous	1.694605199	3.748188027	14.04891349
Lontra_canadensis	1.703291378	3.894869657	15.17000965
Canis_adustus	1.705863712	3.789228057	14.35824927
Lycalopex_culpaeus	1.710963119	3.946452265	15.57448548
Caracal_caracal	1.715167358	3.88592634	15.10042352
Lontra_longicaudis	1.758911892	3.903089987	15.23411145
Profelis_aurata	1.7632033	4.077004327	16.62196428
Lutrogale_perspicillata	1.785329835	3.86332286	14.92526352
Melogale_personata	1.788168371	4.147428969	17.20116705
Procyon_cancrivorus	1.789298611	3.840841011	14.75205967
Atelocynus_microtis	1.793650718	3.95568775	15.64746558
Catopuma_temminckii	1.832700471	3.625312451	13.14289037
Lynx_lynx	1.835690571	4.235528447	17.93970123
Neofelis_nebulosa	1.836956737	4.289811839	18.40248561
Gulo_gulo	1.860338007	4.025305865	16.20308731
Mellivora_capensis	1.863144346	3.907411361	15.26786354
Canis_latrans	1.926856709	3.989449818	15.91570985
Pteronura_brasiliensis	1.932473765	4.380211242	19.18625052
Cuon_alpinus	1.975891136	4.139879086	17.13859885
Aonyx_capensis	1.975891136	4.281260687	18.32919307
Hyaena_hyaena	1.989004616	4.559906625	20.79274843
Panthera_uncia	2.006466042	4.511883361	20.35709146
Parahyaena_brunnea	2.028164419	4.59439255	21.1084429
Enhydra_lutris	2.075546961	4.372912003	19.12235939
Chrysocyon_brachyurus	2.080265627	4.366422957	19.06564944
Lycaon_pictus	2.11058971	4.343408594	18.86519821
Ailuropoda_melanoleuca	2.311753861	4.942008053	24.4234436
Ursus_thibetanus	2.42975228	4.844228581	23.46655054
Phocoena_spinipinnis	2.775974331	4.832776432	23.35572804
Cephalorhynchus_commersonii	2.860338007	4.681241237	21.91401952
Cephalorhynchus_heavisidii	2.882524538	4.851258349	23.53470757
Lagenorhynchus_obscurus	2.947482737	4.766956119	22.72387064
Lissodelphis_borealis	3.065206128	4.86332286	23.65190924
Tursiops_aduncus	3.175511813	5.149680882	26.51921319
Balaena_mysticetus	3.437433444	7.959041392	63.34633988
Balaenoptera_acutorostrata	3.45484486	6.747185946	45.52451819
Mormoops_megalophylla	-0.397581863	1.191171456	1.418889438
Vespertilio_murinus	-0.351639989	1.522444234	2.317836446
Epomophorus_gambianus	0.636337422	2.489958479	6.199893227
Pteropus_vampyrus	0.984707294	3.032646961	9.19694759
Myotis_yumanensis	-0.886056648	0.662757832	0.439247944
Hypsugo_crassulus	-0.879426069	0.785329835	0.61674295
Glauconycteris_beatrix	-0.841637508	0.740362689	0.548136911
Peropteryx_trinitatis	-0.825358807	0.698970004	0.488559066
Hipposideros_halophyllus	-0.818156412	0.602059991	0.362476233
Myotis_montivagus	-0.769551079	0.919078092	0.844704539
Myotis_riparius	-0.761953897	0.900367129	0.810660967
Cyttarops_alecto	-0.756961951	0.72427587	0.524575536
Molossops_temminckii	-0.742321425	0.832508913	0.69307109
Emballonura_semicaudata	-0.735182177	0.84509804	0.714190697
Cynomops_planirostris	-0.732828272	0.860338007	0.740181486
Eptesicus_furinalis	-0.722390786	0.880813592	0.775832584
Myotis_velifer	-0.698970004	0.949390007	0.901341385
Kerivoula_pellucida	-0.692503962	0.612783857	0.375504055
Glauconycteris_poensis	-0.688246139	0.934498451	0.873287355
Hipposideros_cervinus	-0.669586227	0.86332286	0.745326361
Murina_tubinaris	-0.663540266	0.736396502	0.542279808
Hipposideros_pomona	-0.632644079	0.792391689	0.627884589
Mormopterus_beccarii	-0.632644079	1.152288344	1.327768428
Myotis_altarium	-0.619788758	1.041392685	1.084498724
Miniopterus_fuscus	-0.576754126	1.056904851	1.117047864
Rhinolophus_paradoxolophus	-0.573488739	0.968482949	0.937959223
Miniopterus_medius	-0.566678288	1.068556895	1.141813838
Molossus_molossus	-0.545658299	1.121559844	1.257896484
Rhinolophus_stheno	-0.54515514	0.929418926	0.86381954
Choeroniscus_godmani	-0.468521083	0.785329835	0.61674295
Lionycteris_spurrelli	-0.453457337	0.877946952	0.770790851
Chaerephon_jobensis	-0.443697499	1.217483944	1.482267154
Hipposideros_calcaratus	-0.432973634	1.054995862	1.113016269
Lonchorhina_aurita	-0.42365865	1.255272505	1.575709062
Chaerephon_plicatus	-0.41453927	1.311753861	1.720698192
Macrotus_californicus	-0.408935393	1.113943352	1.240869791
Mops_leucostigma	-0.408935393	1.427972714	2.039106072
Cynomops_abrasus	-0.378823718	1.522444234	2.317836446
Mops_condylurus	-0.374430342	1.425697213	2.032612543
Rhinolophus_yunnanensis	-0.35753548	1.371067862	1.879827082
Carollia_castanea	-0.348237553	1.098643726	1.207018037
Mops_mops	-0.325598187	1.490660653	2.222069182
Nycteris_tragata	-0.322393047	1.158362492	1.341803663
Scotophilus_heathii	-0.322393047	1.498310554	2.244934516
Balionycteris_maculata	-0.291859655	1.15624619	1.336905252
Taphozous_hildegardeae	-0.265600257	1.438542349	2.06940409
Artibeus_toltecus	-0.2644011	1.216165902	1.479059501
Platyrrhinus_brachycephalus	-0.234331445	1.11058971	1.233409504
Hipposideros_lekaguli	-0.233587153	1.481442629	2.194672263
Syconycteris_australis	-0.227678293	1.199755177	1.439412485
Macroglossus_minimus	-0.216811309	1.231214648	1.515889509
Chironax_melanocephalus	-0.213248578	1.246252312	1.553144825
Eumops_glaucinus	-0.18276527	1.566437492	2.453726416
Saccolaimus_saccolaimus	-0.173601218	1.633468456	2.668219197
Megaloglossus_woermanni	-0.167810539	1.255272505	1.575709062
Macroglossus_sobrinus	-0.159893906	1.336459734	1.786124621
Scotonycteris_zenkeri	-0.148741651	1.329397879	1.767298721
Paranyctimene_raptor	-0.136082623	1.416640507	2.006870326
Platyrrhinus_lineatus	-0.130181792	1.354108439	1.833609665
Eumops_perotis	-0.095825632	1.67669361	2.811301462
Micropteropus_pusillus	-0.086186148	1.401400541	1.963923476
Megaerops_ecaudatus	-0.084953866	1.392169149	1.938134939
Nyctimene_albiventer	-0.083546051	1.472756449	2.169011558
Sphaerias_blanfordi	-0.079876674	1.469822016	2.160376759
Vampyrodes_caraccioli	-0.023650021	1.598790507	2.556131085
Penthetor_lucasi	-0.023420781	1.544068044	2.384146125
Megaerops_niphanae	-0.018634491	1.5132176	2.289827505
Nyctimene_vizcaccia	-0.005243055	1.549003262	2.399411106
Melonycteris_woodfordi	0.007961033	1.550228353	2.403207946
Platyrrhinus_infuscus	0.045322979	1.701567985	2.895333608
Myonycteris_torquata	0.047605818	1.561101384	2.437037531
Platyrrhinus_vittatus	0.070037867	1.563481085	2.444473103
Nyctimene_robinsoni	0.090141614	1.672374979	2.79683807
Melonycteris_melanops	0.109915863	1.676236217	2.809767855
Cheiromeles_torquatus	0.135450699	2.226599905	4.957747137
Notopteris_macdonaldi	0.162190884	1.846213364	3.408503785
Epomophorus_labiatus	0.201033695	1.80685803	3.264735941
Rousettus_amplexicaudatus	0.21145428	1.905148002	3.62958891
Chrotopterus_auritus	0.240549248	1.939519253	3.761734933
Epomophorus_wahlbergi	0.292550671	1.911210893	3.652727078
Epomops_franqueti	0.344981414	2.072801149	4.296504603
Dobsonia_inermis	0.431363764	2.174641193	4.729064318
Dobsonia_praedatrix	0.473469452	2.279940573	5.198129016
Dobsonia_moluccensis	0.646403726	2.511883361	6.309558019
Pteropus_temminckii	0.689308859	2.397940009	5.750116287
Pteropus_hypomelanus	0.724439723	2.591064607	6.713615798
Pteropus_scapulatus	0.72916479	2.574031268	6.625636969
Pteropus_samoensis	0.762828553	2.491361694	6.20688309
Pteropus_tonganus	0.783546282	2.632204133	6.928498598
Pteropus_macrotis	0.787437094	2.563481085	6.571435273
Pteropus_alecto	0.847552301	2.774516966	7.697944395
Pteropus_poliocephalus	0.859126283	2.841984805	8.076877632
Pteropus_conspicillatus	0.921686475	2.875061263	8.265977266
Pteropus_neohibernicus	0.959709024	2.924279286	8.551409343
Zaedyus_pichiy	0.902002891	3.240549248	10.50115943
Tolypeutes_matacus	0.947433722	3.079181246	9.481357146
Priodontes_maximus	1.908485019	4.77815125	22.83072937
Planigale_tenuirostris	-0.853871964	0.781755375	0.611141466
Planigale_ingrami	-0.823908741	0.62838893	0.394872647
Planigale_maculata	-0.698970004	1.041392685	1.084498724
Ningaui_ridei	-0.619788758	0.954242509	0.910578766
Ningaui_yvonnae	-0.585026652	0.903089987	0.815571525
Planigale_novaeguineae	-0.568636236	1.173186268	1.376366019
Sminthopsis_virginiae	-0.468521083	1.662757832	2.764763608
Sminthopsis_douglasi	-0.455931956	1.740362689	3.028862289
Sminthopsis_hirtipes	-0.387216143	1.278753601	1.635210772
Sminthopsis_leucopus	-0.387216143	1.352182518	1.828397562
Sminthopsis_murina	-0.356547324	1.230448921	1.514004547
Pseudantechinus_macdonnellensis	-0.30980392	1.511883361	2.285791297
Dasykaluta_rosamondae	-0.26760624	1.544068044	2.384146125
Antechinus_agilis	-0.251811973	1.380211242	1.904983073
Pseudantechinus_bilarni	-0.187086643	1.439332694	2.071678604
Murexchinus_melanurus	-0.187086643	1.491361694	2.224159702
Phascomurexia_naso	-0.113509275	1.685741739	2.841725211
Phascolosorex_dorsalis	0.045322979	1.67669361	2.811301462
Dasycercus_cristicauda	0.093421685	1.954242509	3.819063784
Phascogale_tapoatafa	0.257678575	2.286680969	5.228909854
Myoictis_melas	0.311753861	1.959041392	3.837843176
Neophascogale_lorentzii	0.389166084	2.326335861	5.411838538
Dasyurus_albopunctatus	0.57863921	2.797267541	7.824705696
Dasyurus_geoffroii	0.713490543	3.041392685	9.250069464
Dasyurus_viverrinus	0.726727209	3.037426498	9.225959731
Dasyurus_maculatus	0.973589623	3.740362689	13.99031305
Sarcophilus_harrisii	1.206556044	3.903089987	15.23411145
Thylacinus_cynocephalus	1.70918513	4.469822016	19.97930885
Dasyurus_spartacus	0.72427587	2.687528961	7.222811916
Thylamys_pallidior	-0.142667504	1.315970345	1.731777949
Lutreolina_crassicaudata	0.532754379	2.702430536	7.303130802
Chironectes_minimus	0.743509765	2.883093359	8.312227317
Acrobates_pygmaeus	-0.455931956	1.079181246	1.164632162
Tarsipes_rostratus	-0.443697499	0.954242509	0.910578766
Cercartetus_nanus	-0.366531544	1.380211242	1.904983073
Cercartetus_caudatus	-0.148741651	1.477121255	2.181887202
Burramys_parvus	0	1.618048097	2.618079644
Pseudochirulus_canescens	0.255272505	2.477121255	6.136129712
Pseudochirulus_mayeri	0.303196057	2.1811287	4.757322406
Petaurus_breviceps	0.320146286	2.105510185	4.433173139
Petaurus_norfolcensis	0.480006943	2.361727836	5.577758371
Hemibelideus_lemuroides	0.498310554	2.978864984	8.873636593
Pseudochirulus_caroli	0.505149978	2.643452676	6.98784205
Pseudochirulus_forbesi	0.526339277	2.812913357	7.912481554
Pseudochirulus_herbertensis	0.635483747	3.047274867	9.285884115
Pseudochirops_albertisii	0.670245853	2.894592948	8.378668335
Petropseudes_dahli	0.702258163	3.301029996	10.89679903
Pseudochirops_corinnae	0.72916479	3.050379756	9.304816656
Petaurus_australis	0.756636108	2.744292983	7.531143977
Pseudochirops_archeri	0.768638101	3.039414119	9.238038187
Phalanger_lullulae	0.784617293	3.21285319	10.32242562
Potorous_platyops	0.799340549	2.77815125	7.718124368
Dactylopsila_palpator	0.839478047	2.638489257	6.961625559
Lagostrophus_fasciatus	0.84509804	3.243038049	10.51729579
Pseudochirops_cupreus	0.877371346	3.230448921	10.43580023
Lagorchestes_hirsutus	0.890421019	3.102090526	9.622965631
Bettongia_tropica	0.950364854	3.079181246	9.481357146
Potorous_tridactylus	0.979092901	3.041392685	9.250069464
Phalanger_sericeus	0.998259338	3.301680949	10.90109709
Wyulda_squamicaudata	1.004321374	3.224014811	10.3942715
Bettongia_lesueur	1.021189299	3.113943352	9.696643199
Dorcopsulus_vanheurni	1.071882007	3.229553864	10.43001816
Trichosurus_caninus	1.075546961	3.462397998	11.9881999
Aepyprymnus_rufescens	1.089905111	3.414973348	11.66204297
Phalanger_gymnotis	1.113943352	3.431363764	11.77425728
Petrogale_brachyotis	1.197280558	3.607455023	13.01373174
Onychogalea_unguifera	1.222716471	3.822821645	14.61396533
Spilocuscus_rufoniger	1.225309282	3.77815125	14.27442687
Petrogale_inornata	1.230448921	3.662757832	13.41579494
Thylogale_brunii	1.243038049	3.558708571	12.66440669
Petrogale_assimilis	1.243038049	3.653212514	13.34596167
Thylogale_stigmatica	1.250420002	3.662757832	13.41579494
Petrogale_godmani	1.255272505	3.67669361	13.5180759
Thylogale_browni	1.26245109	3.738622028	13.97729467
Dendrolagus_bennettianus	1.267171728	4.039414119	16.31686642
Petrogale_lateralis	1.283301229	3.662757832	13.41579494
Phascolarctos_cinereus	1.305351369	3.763427994	14.16339027
Petrogale_herberti	1.326335861	3.711807229	13.77751291
Petrogale_xanthopus	1.361727836	3.875061263	15.01609979
Macropus_irma	1.392696953	3.903089987	15.23411145
Dendrolagus_lumholtzi	1.418301291	3.857030798	14.87668658
Dendrolagus_matschiei	1.439332694	3.944482672	15.55894355
Dendrolagus_goodfellowi	1.45331834	3.875061263	15.01609979
Dendrolagus_spadix	1.45484486	3.959041392	15.67400874
Dendrolagus_scottae	1.465382851	4.021189299	16.16996338
Macropus_agilis	1.522444234	4.176091259	17.4397382
Lasiorhinus_latifrons	1.744292983	4.414973348	19.49198966
Macropus_fuliginosus	1.763427994	4.460145817	19.89290071
Macropus_rufus	1.79518459	4.665111737	21.76326752
Petaurus_abidi	0.583198774	2.45331834	6.018770877
Strigocuscus_pelengensis	0.793790385	2.996073654	8.97645734
Mesechinus_dauuricus	0.462397998	2.534026106	6.421288306
Echinosorex_gymnura	0.740362689	2.980911938	8.885835982
Heterohyrax_brucei	1.088844563	3.419129308	11.69044522
Dendrohyrax_arboreus	1.089905111	3.469822016	12.03966482
Dromiciops_gliroides	-0.091514981	1.380211242	1.904983073
Notoryctes_caurinus	-0.107905397	1.740362689	3.028862289
Caenolestes_fuliginosus	-0.167491087	1.544068044	2.384146125
Chaeropus_ecaudatus	0.380211242	2.301029996	5.294739042
Echymipera_kalubu	0.564666064	2.977723605	8.866837868
Microperoryctes_longicauda	0.580924976	2.730782276	7.457171839
Rhynchomeles_prattorum	0.69019608	2.957607287	8.747440864
Ceratotherium_simum	2.808210973	6.146128036	37.77488983
Rhinoceros_unicornis	2.895422546	6.352182518	40.35022274
Manis_tricuspis	0.973127854	3.252853031	10.58105284
Manis_javanica	1.136720567	3.711807229	13.77751291
Manis_pentadactyla	1.246498581	3.669781615	13.4672971
Cyclopes_didactylus	0.632457292	2.602059991	6.770716197
Microcebus_rufus	0.234618928	1.62838893	2.651650507
Galagoides_thomasi	0.493812243	2.066325925	4.269702828
Carlito_syrichta	0.526174002	2.098643726	4.404305489
Galago_moholi	0.568817241	2.171372724	4.714859507
Galago_matschiei	0.664817789	2.321184027	5.387895287
Galago_gabonensis	0.728951815	2.436162647	5.934888443
Euoticus_elegantulus	0.743092752	2.437750563	5.942627807
Mirza_coquereli	0.763119029	2.493458051	6.217333052
Phaner_pallescens	0.824868866	2.530199698	6.401910512
Lepilemur_dorsalis	0.826074803	2.939519253	8.640773439
Lepilemur_leucopus	0.836936718	2.782114147	7.740159127
Lepilemur_edwardsi	0.860338007	2.968949681	8.814662208
Avahi_occidentalis	0.900367129	2.903849338	8.432340978
Saguinus_niger	0.976859538	2.574031268	6.625636969
Saguinus_leucopus	0.986860397	2.719745493	7.397015547
Lepilemur_microdon	0.989004616	2.986771734	8.920805391
Saguinus_labiatus	1.00050997	2.716003344	7.376674165
Otolemur_monteiri	1.056904851	3.120080134	9.734900043
Leontopithecus_chrysomelas	1.073452535	2.8162413	7.93121506
Plecturocebus_caligatus	1.236789099	2.944482672	8.669978206
Cheracebus_lugens	1.27812385	3.037426498	9.225959731
Eulemur_coronatus	1.314940306	3.071882007	9.436459065
Eulemur_albifrons	1.331374652	3.368379872	11.34598296
Eulemur_cinereiceps	1.344392274	3.330413773	11.0916559
Eulemur_rufus	1.404764805	3.346352974	11.19807823
Propithecus_deckenii	1.479304005	3.547979706	12.58815999
Propithecus_coquereli	1.479922089	3.571534147	12.75585616
Miopithecus_ogouensis	1.572302243	3.243038049	10.51729579
Propithecus_diadema	1.599875665	3.787460475	14.34485685
Chiropotes_satanas	1.684219558	3.481442629	12.12044278
Alouatta_pigra	1.708633321	3.950121348	15.60345866
Procolobus_verus	1.720988948	3.648360011	13.31053077
Alouatta_belzebul	1.722993629	3.805840549	14.48442228
Cercopithecus_petaurista	1.740966876	3.557397822	12.65507926
Chiropotes_israelita	1.741425497	3.356739529	11.26770027
Chiropotes_chiropotes	1.756202307	3.437750563	11.81812893
Piliocolobus_kirkii	1.757775491	3.750508395	14.06631322
Allenopithecus_nigroviridis	1.763585512	3.667919685	13.45363482
Cercopithecus_pogonias	1.774989796	3.553883027	12.63008457
Cercopithecus_wolfi	1.788521887	3.530199698	12.46230991
Sapajus_libidinosus	1.810806377	3.399635504	11.55752156
Chlorocebus_sabaeus	1.812333751	3.634658608	13.2107432
Cercopithecus_hamlyni	1.818885415	3.645913275	13.29268361
Sapajus_xanthosternos	1.820118398	3.387474575	11.474984
Sapajus_nigritus	1.826502506	3.436295195	11.80812467
Cercopithecus_albogularis	1.845716779	3.749723597	14.06042705
Piliocolobus_tephrosceles	1.850963997	3.924734023	15.40353715
Presbytis_rubicunda	1.85135049	3.796962486	14.41692412
Cercopithecus_nictitans	1.852022279	3.737590166	13.96958025
Presbytis_chrysomelas	1.858008414	3.827283095	14.64809589
Trachypithecus_phayrei	1.862370659	3.873606355	15.00482619
Presbytis_thomasi	1.862920758	3.828015064	14.65369933
Colobus_vellerosus	1.863743983	3.893206753	15.15705882
Presbytis_femoralis	1.867677608	3.835556	14.71148983
Cercopithecus_lhoesti	1.870403905	3.673020907	13.49108258
Colobus_satanas	1.874481818	3.949877704	15.60153388
Presbytis_frontata	1.90857538	3.749349761	14.05762363
Macaca_cyclopis	1.913813852	3.737987326	13.97254925
Pygathrix_nigripes	1.91775531	4.014239879	16.11412181
Semnopithecus_priam	1.919436234	3.932553484	15.4649769
Hylobates_pileatus	1.927807442	3.737987326	13.97254925
Macaca_silenus	1.929418926	3.875061263	15.01609979
Macaca_leonina	1.932464029	3.751401008	14.07300952
Hylobates_klossii	1.9444395	3.76305344	14.16057119
Macaca_ochreata	1.991137435	3.531478917	12.47134334
Cercocebus_galeritus	1.995944004	3.871280973	14.98681637
Lagothrix_cana	1.997142029	3.914607568	15.32415241
Lophocebus_aterrimus	2.006854893	3.832508913	14.68812457
Ateles_hybridus	2.013065475	3.895546849	15.17528525
Trachypithecus_pileatus	2.015530958	4.071642711	16.57827437
Hoolock_hoolock	2.044070552	3.82790212	14.65283464
Aotus_lemurinus	2.054995862	3.955519386	15.64613361
Rhinopithecus_roxellana	2.070986696	4.16879202	17.37882691
Nomascus_gabriellae	2.076913385	3.867172751	14.95502509
Mandrillus_leucophaeus	2.170261715	4.176091259	17.4397382
Pongo_abelii	2.590501887	4.798063364	23.02141204
Gorilla_beringei	2.691320244	5.113943352	26.15241661
Tarsius_dentatus	0.47646164	2.053078443	4.215131093
Hapalemur_occidentalis	1.152288344	3.080160922	9.487391305
Varecia_rubra	1.492535689	3.540329475	12.53393279
Presbytis_potenziani	1.755874856	3.682776646	13.56284382
Alouatta_sara	1.771464989	3.820269785	14.59446123
Presbytis_hosei	1.77815125	3.750508395	14.06631322
Trachypithecus_auratus	1.803457116	3.978864984	15.83136656
Macaca_tonkeana	1.971739591	3.954242509	15.63603382
Macaca_hecki	1.975891136	3.832508913	14.68812457
Galago_granti	0.610000557	2.259713305	5.106304221
Cheirogaleus_sibreei	0.643452676	2.623363019	6.882033529
Callithrix_aurita	0.857332496	2.632457292	6.929831394
Pithecia_irrorata	1.596597096	3.363267792	11.31157024
Trachypithecus_germaini	1.880813592	3.849511546	14.81873914
Lagothrix_poeppigii	1.996642991	3.957703042	15.66341337
Hylobates_moloch	2.012837225	3.818027842	14.5773366
Chlorocebus_cynosuros	1.857332496	3.465382851	12.0088783
Galagoides_zanzibaricus	0.544068044	2.155336037	4.645473432
Galago_alleni	0.767155866	2.436162647	5.934888443
Arctocebus_aureus	0.769202618	2.322219295	5.392702454
Loris_lydekkerianus	0.799340549	2.426511261	5.8879569
Callithrix_penicillata	0.86332286	2.515873844	6.329621199
Saguinus_fuscicollis	0.897627091	2.603144373	6.776360627
Callithrix_argentata	0.903089987	2.537819095	6.440525759
Callithrix_humeralifera	0.913813852	2.568201724	6.595660095
Saguinus_nigricollis	0.949390007	2.677606953	7.169578995
Saguinus_mystax	1.045322979	2.766412847	7.65304004
Nycticebus_bengalensis	1.130333768	3.025305865	9.152475577
Hapalemur_griseus	1.149219113	2.850646235	8.126183957
Plecturocebus_cupreus	1.23299611	2.911157609	8.474838624
Cheracebus_torquatus	1.281033367	2.991226076	8.947433438
Aotus_azarai	1.315970345	3.089905111	9.547513595
Prolemur_simus	1.433687979	3.33243846	11.10514609
Pithecia_pithecia	1.5132176	3.198657087	10.23140716
Propithecus_edwardsi	1.596597096	3.754501229	14.09627948
Alouatta_guariba	1.691081492	3.658011397	13.38104738
Cercopithecus_campbelli	1.7355989	3.431363764	11.77425728
Cercopithecus_diana	1.741939078	3.591064607	12.89574501
Simias_concolor	1.749736316	3.832508913	14.68812457
Presbytis_melalophos	1.772321707	3.817367016	14.57229093
Trachypithecus_vetulus	1.781036939	3.707825568	13.74797044
Cercopithecus_neglectus	1.784617293	3.615950052	13.07509478
Cacajao_melanocephalus	1.812244697	3.432969291	11.78527815
Cercopithecus_erythrotis	1.815577748	3.511883361	12.33332474
Macaca_radiata	1.84135947	3.586137025	12.86037876
Cacajao_calvus	1.870988814	3.459392488	11.96739639
Presbytis_comata	1.904715545	3.825750581	14.63636751
Trachypithecus_geei	1.910090546	3.977723605	15.82228508
Trachypithecus_johnii	1.927370363	4.064457989	16.51981874
Cercocebus_atys	1.938519725	3.792391689	14.38223472
Ateles_belzebuth	2.051923916	3.92860066	15.43390315
Brachyteles_arachnoides	2.077004327	3.946452265	15.57448548
Papio_ursinus	2.217483944	4.170261715	17.39108277
Micromys_minutus	-0.537602002	0.806179974	0.64992615
Perognathus_flavus	-0.508638306	0.924279286	0.854292199
Mus_booduga	-0.508638306	1.164352856	1.355717573
Perognathus_longimembris	-0.48148606	0.911157609	0.830208188
Reithrodontomys_megalotis	-0.397940009	1.029383778	1.059630962
Lagurus_lagurus	-0.37675071	1.303196057	1.698319963
Otomys_angoniensis	-0.37675071	1.977723605	3.911390658
Chaetodipus_penicillatus	-0.337242168	1.210853365	1.466165872
Napaeozapus_insignis	-0.318758763	1.365487985	1.864557437
Chaetodipus_formosus	-0.30980392	1.257678575	1.581755398
Zapus_princeps	-0.301029996	1.389166084	1.929782409
Mus_platythrix	-0.301029996	1.465382851	2.1473469
Microtus_oregoni	-0.283996656	1.342422681	1.802098654
Heterocephalus_glaber	-0.283996656	1.783903579	3.182311979
Zapus_hudsonius	-0.259637311	1.242292905	1.543291662
Microtus_arvalis	-0.259637311	1.482873584	2.198914066
Microdipodops_megacephalus	-0.251811973	1.141449773	1.302907584
Myodes_gapperi	-0.251811973	1.227886705	1.50770576
Myodes_rutilus	-0.251811973	1.245512668	1.551301806
Microtus_pinetorum	-0.251811973	1.396199347	1.949372617
Myopus_schisticolor	-0.251811973	1.525044807	2.325761663
Acomys_wilsoni	-0.236572006	1.267171728	1.605724188
Synaptomys_cooperi	-0.229147988	1.376576957	1.894964119
Gerbillus_nanus	-0.22184875	1.146128036	1.313609475
Myodes_rufocanus	-0.214670165	1.583198774	2.506518358
Oligoryzomys_longicaudatus	-0.173925197	1.424881637	2.030287679
Praomys_daltoni	-0.167491087	1.544068044	2.384146125
Chaetodipus_hispidus	-0.167491087	1.56937391	2.462934469
Microtus_montanus	-0.161150909	1.598790507	2.556131085
Rhabdomys_pumilio	-0.161150909	1.598899887	2.556480849
Microtus_guentheri	-0.161150909	1.710117365	2.924501402
Chiropodomys_gliroides	-0.15490196	1.403120521	1.968747196
Chaetodipus_baileyi	-0.15490196	1.47348697	2.171163851
Apodemus_flavicollis	-0.15490196	1.509202522	2.277692252
Microtus_longicaudus	-0.15490196	1.675778342	2.808233052
Microtus_ochrogaster	-0.148741651	1.641474111	2.694437257
Dicrostonyx_groenlandicus	-0.142667504	1.835056102	3.367430897
Microtus_pennsylvanicus	-0.13076828	1.478999132	2.187438432
Uranomys_ruddi	-0.113509275	1.526339277	2.329711589
Liomys_pictus	-0.113509275	1.636989102	2.67973332
Liomys_salvini	-0.113509275	1.652246341	2.729917971
Microtus_californicus	-0.107905397	1.636487896	2.678092634
Saccostomus_campestris	-0.086186148	1.693287157	2.867221396
Gerbillurus_paeba	-0.075720714	1.380211242	1.904983073
Praomys_morio	-0.075720714	1.667452953	2.78039935
Dicrostonyx_torquatus	-0.075720714	1.86332286	3.471972081
Lemniscomys_striatus	-0.070581074	1.664641976	2.771032908
Praomys_tullbergi	-0.065501549	1.57054294	2.466605126
Lemmus_lemmus	-0.065501549	1.838219222	3.379049908
Microtus_townsendii	-0.055517328	1.660865478	2.758474136
Oryzomys_palustris	-0.055517328	1.673020907	2.798998955
Rattus_exulans	-0.050609993	1.780317312	3.169529731
Micaelamys_namaquensis	-0.050609993	1.899820502	3.60931794
Dicrostonyx_richardsoni	-0.0465786	1.716837723	2.947531767
Dipodillus_campestris	-0.045757491	1.439332694	2.071678604
Lemmus_trimucronatus	-0.045757491	1.84260924	3.395208811
Mus_musculoides	-0.017728767	0.915399835	0.837956858
Notomys_alexis	-0.017728767	1.568201724	2.459256647
Grammomys_cometes	-0.017728767	1.609594409	2.590794161
Lophuromys_flavopunctatus	0.004321374	1.77815125	3.161821868
Pseudomys_hermannsburgensis	0.033423755	1.126456113	1.268903375
Nyctomys_sumichrasti	0.033423755	1.77815125	3.161821868
Dipodomys_merriami	0.041392685	1.595496222	2.545608194
Rattus_niobe	0.041392685	1.624282096	2.638292327
Beamys_hindei	0.045322979	1.953034457	3.81434359
Pogonomys_sylvestris	0.053078443	1.614897216	2.607893018
Meriones_unguiculatus	0.053078443	1.758911892	3.093771044
Lophuromys_sikapusi	0.053078443	1.783188691	3.179761908
Heteromys_desmarestianus	0.053078443	1.873029812	3.508240677
Pseudomys_australis	0.064457989	1.698970004	2.886499074
Cryptomys_hottentotus	0.068185862	1.992995098	3.972029461
Malacomys_edwardsi	0.071882007	1.77815125	3.161821868
Dipodomys_microps	0.086359831	1.797959644	3.232658881
Thomomys_talpoides	0.093421685	2.023869501	4.096047757
Aethomys_chrysophilus	0.096910013	2.068185862	4.27739276
Paramelomys_rubex	0.103803721	1.696356389	2.877624999
Tscherskia_triton	0.11058971	1.397940009	1.954236269
Melomys_rufescens	0.11058971	1.737987326	3.020599945
Melomys_cervinipes	0.117271296	1.84509804	3.404386777
Dipodillus_dasyurus	0.120573931	1.311753861	1.720698192
Ototylomys_phyllotis	0.123851641	1.799340549	3.237626411
Arvicanthis_niloticus	0.123851641	1.926856709	3.712776777
Dipodomys_agilis	0.127104798	1.788168371	3.197546123
Otomys_irroratus	0.139879086	2.149219113	4.619142796
Tamias_amoenus	0.1430148	1.705863712	2.909971004
Mystromys_albicaudatus	0.1430148	1.903089987	3.621751499
Rattus_tunneyi	0.149219113	1.881954971	3.541754513
Pogonomys_macrourus	0.155336037	1.868644438	3.491832036
Heliophobius_argenteocinereus	0.155336037	2.204119983	4.858144899
Dipodomys_heermanni	0.158362492	1.81723473	3.302342064
Dipodomys_ordii	0.161368002	1.756636108	3.085770416
Thomomys_bottae	0.167317335	2.212054365	4.893184514
Rattus_verecundus	0.170261715	1.773786445	3.146318352
Abeomelomys_sevia	0.173186268	1.788168371	3.197546123
Jaculus_jaculus	0.184691431	1.807535028	3.267182877
Gerbilliscus_afra	0.193124598	1.812913357	3.28665484
Gerbilliscus_brantsii	0.193124598	1.962369336	3.850893411
Spalacopus_cyanus	0.198657087	1.968482949	3.874925121
Tamias_minimus	0.204119983	1.656098202	2.742661255
Maxomys_whiteheadi	0.209515015	1.665580991	2.774160038
Rattus_lutreolus	0.214843848	1.967079734	3.86940268
Cremnomys_cutchicus	0.222716471	1.698970004	2.886499074
Xerospermophilus_tereticaudus	0.225309282	2.124830149	4.514903162
Rattus_fuscipes	0.227886705	2.086359831	4.352897344
Tamias_quadrivittatus	0.230448921	1.794488047	3.220187351
Rattus_nitidus	0.230448921	2.004321374	4.01730417
Rattus_sordidus	0.230448921	2.081599313	4.3330557
Dipodomys_deserti	0.240549248	2.087958789	4.359571905
Urocitellus_washingtoni	0.255272505	2.270678836	5.155982376
Tamias_panamintinus	0.26245109	1.709269961	2.9216038
Geomys_bursarius	0.26245109	2.295017012	5.267103085
Tamias_speciosus	0.269512944	1.777426822	3.159246108
Paramelomys_levipes	0.269512944	1.921166051	3.690878996
Hylopetes_spadiceus	0.271841607	1.942008053	3.771395278
Nannospalax_ehrenbergi	0.274157849	2.294466226	5.264575262
Tachyoryctes_splendens	0.274157849	2.369215857	5.613183777
Urocitellus_townsendii	0.276461804	2.174641193	4.729064318
Rattus_morotaiensis	0.283301229	2.127428778	4.525953205
Dipodomys_spectabilis	0.285557309	2.160018096	4.665678175
Tamiops_mcclellandii	0.290034611	1.591064607	2.531486584
Tamias_dorsalis	0.29666519	1.793790385	3.217683945
Tamias_palmeri	0.298853076	1.783903579	3.182311979
Xerospermophilus_mohavensis	0.307496038	2.187520721	4.785246905
Funambulus_pennantii	0.322219295	1.933993164	3.740329558
Urocitellus_brunneus	0.324282455	2.067442843	4.274319909
Tamias_quadrimaculatus	0.334453751	1.915399835	3.668756528
Tamias_striatus	0.336459734	1.974511693	3.898696426
Neotoma_albigula	0.336459734	2.34849957	5.51545023
Ammospermophilus_leucurus	0.352182518	2.024690862	4.099373087
Geomys_breviceps	0.359835482	2.142389466	4.589832624
Massoutiera_mzabi	0.365487985	2.261500773	5.114385746
Xerospermophilus_spilosoma	0.374748346	2.122870923	4.506580956
Ammospermophilus_harrisii	0.381115081	2.029992175	4.120868231
Tamias_townsendii	0.387389826	1.951337519	3.807718113
Spermophilus_pygmaeus	0.387389826	2.371437317	5.623714948
Ammospermophilus_interpres	0.397940009	1.975201962	3.901422791
Maxomys_surifer	0.404833717	2.16613397	4.692136376
Ammospermophilus_insularis	0.40654018	2.008557592	4.0343036
Spermophilus_suslicus	0.40654018	2.338854746	5.470241523
Spermophilus_musicus	0.418301291	2.133538908	4.551988272
Neotoma_cinerea	0.423245874	2.520221436	6.351516086
Neotoma_fuscipes	0.424881637	2.286231854	5.22685609
Neotoma_micropus	0.424881637	2.577836341	6.645240201
Callospermophilus_madrensis	0.433769834	2.180412633	4.75419925
Neofiber_alleni	0.434568904	2.432167269	5.915437624
Galea_musteloides	0.434568904	2.574031268	6.625636969
Spermophilus_dauricus	0.439332694	2.349860082	5.521842405
Urocitellus_elegans	0.440909082	2.487279816	6.186560883
Xerospermophilus_perotensis	0.445604203	2.146128036	4.605865547
Paraxerus_cepapi	0.45484486	2.334453751	5.449674316
Spermophilus_alashanicus	0.460897843	2.301029996	5.294739042
Spermophilus_citellus	0.460897843	2.460145817	6.052317441
Urocitellus_beldingi	0.471291711	2.39252109	5.724157166
Notocitellus_adocetus	0.478566496	2.191786248	4.803926957
Glaucomys_sabrinus	0.478566496	2.240549248	5.020060933
Neotoma_floridana	0.482873584	2.411114419	5.813472742
Spermophilus_xanthoprymnus	0.482873584	2.427972714	5.8950515
Callospermophilus_lateralis	0.485721426	2.227501065	4.961760995
Urocitellus_armatus	0.489958479	2.569490954	6.602283763
Urocitellus_richardsonii	0.50242712	2.520483533	6.35283724
Iomys_horsfieldi	0.5289167	2.191730393	4.803682116
Callospermophilus_saturatus	0.5289167	2.385069776	5.688557836
Spermophilus_erythrogenys	0.536558443	2.545307116	6.478588315
Spermophilus_relictus	0.542825427	2.532117116	6.411617089
Ictidomys_mexicanus	0.544068044	2.438542349	5.946488788
Sundamys_muelleri	0.544068044	2.493597449	6.218028238
Pteromyscus_pulverulentus	0.550228353	2.602059991	6.770716197
Urocitellus_undulatus	0.571708832	2.830781076	8.0133215
Bathyergus_suillus	0.574031268	3.070037867	9.425132505
Tamiasciurus_hudsonicus	0.583198774	2.276231958	5.181231927
Urocitellus_columbianus	0.596597096	2.668199484	7.119288486
Poliocitellus_franklinii	0.597695186	2.646452741	7.00371211
Leopoldamys_sabanus	0.599883072	2.522052801	6.360750331
Heliosciurus_gambianus	0.600972896	2.469822016	6.100020791
Cavia_aperea	0.606381365	2.486359626	6.18198419
Spermophilus_major	0.614897216	2.728353782	7.44391436
Hoplomys_gymnurus	0.615950052	2.51851394	6.342912466
Funisciurus_anerythrus	0.617000341	2.338456494	5.468378774
Rhinosciurus_laticaudatus	0.631443769	2.380211242	5.665405557
Hydromys_chrysogaster	0.636487896	2.843855423	8.087513667
Funisciurus_pyrropus	0.641474111	2.301029996	5.294739042
Callosciurus_nigrovittatus	0.64738297	2.305351369	5.314644935
Geocapromys_ingrahami	0.649334859	2.855700831	8.155027236
Funisciurus_carruthersi	0.651278014	2.428134794	5.895838578
Spermophilus_fulvus	0.658011397	2.857332496	8.164348993
Mesembriomys_gouldii	0.661812686	3.045322979	9.273992046
Berylmys_bowersi	0.665580991	2.557146142	6.538996392
Leopoldamys_edwardsi	0.682145076	2.521268876	6.356796745
Callosciurus_notatus	0.691081492	2.321184027	5.387895287
Xerus_rutilus	0.706717782	2.50174373	6.258721691
Cynomys_gunnisoni	0.710963119	2.807737922	7.883392239
Otospermophilus_atricapillus	0.719331287	2.630936119	6.921824862
Heliosciurus_ruwenzorii	0.73239376	2.463892989	6.070768661
Dremomys_rufigenis	0.733197265	2.380211242	5.665405557
Otospermophilus_beecheyi	0.733999287	2.751971575	7.57334755
Cynomys_mexicanus	0.742332282	2.999130541	8.994784002
Cynomys_parvidens	0.746634199	2.760422483	7.619932285
Cynomys_ludovicianus	0.755112266	2.937091412	8.626505962
Heliosciurus_rufobrachium	0.759667845	2.5132176	6.316262705
Cynomys_leucurus	0.761175813	3.009089542	9.054619872
Sciurus_granatensis	0.771587481	2.602059991	6.770716197
Callosciurus_caniceps	0.779596491	2.380211242	5.665405557
Spermophilopsis_leptodactylus	0.790988475	2.694605199	7.260897178
Callosciurus_prevostii	0.814247596	2.64246452	6.982618739
Cricetomys_gambianus	0.81756537	3.06069784	9.367871268
Xerus_erythropus	0.824776462	2.858837851	8.172953858
Otospermophilus_variegatus	0.845718018	2.847047981	8.105682206
Aplodontia_rufa	0.847572659	2.906335042	8.446783376
Sciurus_carolinensis	0.869818208	2.70171474	7.299262536
Sciurus_aberti	0.871572936	2.796921075	7.8227675
Xerus_inauris	0.883661435	2.602059991	6.770716197
Petaurista_elegans	0.889861721	2.965671971	8.79521024
Sciurus_niger	0.898176483	2.712918948	7.359929218
Ratufa_affinis	0.99343623	2.992332559	8.954054144
Aeromys_tephromelas	1.014520539	3.075181855	9.456743441
Ratufa_bicolor	1.041787319	3.120573931	9.737981659
Protoxerus_stangeri	1.05422991	2.805840549	7.872741186
Marmota_menzbieri	1.056904851	3.479287316	12.10544023
Petaurista_petaurista	1.070776463	3.258038338	10.61481381
Marmota_flaviventris	1.088844563	3.525109622	12.42639785
Marmota_bobak	1.098989639	3.692141609	13.63190966
Marmota_camtschatica	1.101403351	3.520418023	12.39334306
Lagostomus_maximus	1.102433706	3.63050415	13.18056038
Thryonomys_swinderianus	1.123198075	3.210853365	10.30957933
Marmota_vancouverensis	1.136086097	3.62838893	13.16520623
Marmota_baibacina	1.138302698	3.730378469	13.91572352
Marmota_broweri	1.144262774	3.532117116	12.47585132
Marmota_monax	1.15182934	3.447855444	11.88770716
Marmota_caudata	1.154728207	3.627570664	13.15926892
Marmota_caligata	1.165244326	3.799340549	14.43498861
Marmota_olympus	1.188365926	3.541429461	12.54172263
Marmota_himalayana	1.22297645	3.820037172	14.592684
Dinomys_branickii	1.43055877	4.146128036	17.19037769
Cratogeomys_fumosus	0.622214023	2.804139432	7.863197954
Zapus_trinotatus	-0.301029996	1.439332694	2.071678604
Akodon_azarae	-0.192464972	1.397940009	1.954236269
Cricetulus_barabensis	-0.173990022	1.475525915	2.177176726
Ochrotomys_nuttalli	-0.15490196	1.31386722	1.726247072
Acomys_cahirinus	-0.15490196	1.491361694	2.224159702
Psammomys_obesus	0.113943352	1.839478047	3.383679485
Lemmus_sibiricus	0.173186268	1.84509804	3.404386777
Holochilus_chacarius	0.206825876	2.309630167	5.334391508
Tamias_cinereicollis	0.255272505	1.790285164	3.205120968
Octodon_degus	0.322219295	2.322219295	5.392702454
Thomomys_bulbivorus	0.342422681	2.536558443	6.434128735
Mesomys_hispidus	0.421603927	2.243038049	5.031219689
Nannospalax_leucodon	0.477121255	2.086359831	4.352897344
Makalata_didelphoides	0.537819095	2.033423755	4.134812167
Clyomys_laticeps	0.546542663	2.303196057	5.304712077
Makalata_macrura	0.589949601	2.64246452	6.982618739
Echimys_chrysurus	0.700703717	2.814247596	7.919989532
Coendou_vestitus	1.068556895	2.866877814	8.2189884
Trichys_fasciculata	1.115610512	3.193124598	10.1960447
Dolichotis_salinicola	1.184975191	3.204119983	10.26638487
Coendou_prehensilis	1.223495941	3.643452676	13.2747474
Coendou_quichua	1.319106059	3.301029996	10.89679903
Atherurus_africanus	1.340245762	3.498655095	12.24058747
Atherurus_macrourus	1.499274582	3.301029996	10.89679903
Hystrix_africaeaustralis	1.55278985	4.174234305	17.42423203
Hystrix_brachyurus	1.575649615	3.903089987	15.23411145
Hystrix_indica	1.644143051	4.165837625	17.35420312
Tupaia_javanica	0.361727836	1.903089987	3.621751499
Orycteropus_afer	1.900367129	4.649821463	21.62083964
Leopardus_tigrinus	1.42975228	3.447158031	11.88289849
Tremarctos_ornatus	2.496929648	5.146128036	26.48263376
Genetta_maculata	1.28780173	3.414973348	11.66204297
Capricornis_crispus	2.119255889	4.517195898	20.40505878
Connochaetes_gnou	2.484299839	5.176091259	26.79192072
Eudorcas_rufifrons	1.988261597	4.414973348	19.49198966
Oryx_dammah	2.382017043	5.112269768	26.13530218
Molossus_rufus	-0.30744829	1.47545326	2.176962322
Artibeus_hartii	-0.292004254	1.152288344	1.327768428
Myonycteris_angolensis	0.246005904	1.92505412	3.705833365
Arielulus_circumdatus	-0.638272164	1.017033339	1.034356813
Pipistrellus_stenopterus	-0.607303047	1.198657087	1.436778812
Fukomys_anselli	0.089551883	1.846337112	3.408960731
Fukomys_mechowii	0.36361198	2.187520721	4.785246905
Capromys_pilorides	1.04857127	3.572135543	12.76015234
Galea_spixii	0.812913357	2.827369273	7.994017006
Myoprocta_acouchy	0.995635195	2.893206753	8.370645316
Gerbillus_gerbillus	0.531478917	1.977723605	3.911390658
Leopoldamys_milleti	0.625312451	2.521268876	6.356796745
Pteromys_volans	0.283301229	1.806179974	3.262286098
Parascalops_breweri	-0.119758224	1.630427875	2.658295056
Amblysomus_hottentotus	-0.090443971	1.897627091	3.600988576
Proechimys_guyannensis	0.317645543	2.349248379	5.518967946
Petrodromus_tetradactylus	0.387389826	2.122215878	4.503800233
Dendrohyrax_dorsalis	1.10720997	3.06069784	9.367871268
Marmosops_noctivagus	-0.040958608	2	4
Fukomys_darlingi	0.089905111	2.061414778	4.249430887
Fukomys_damarensis	0.1430148	2.04348017	4.175811205
Georychus_capensis	0.217483944	2.190583796	4.798657367