1.28787 0
1.01919 0.709059
0.844738 1.34623
2.61132 1.4539
1.61661 1.07291

1.5375 0
1.20085 0.759583
0.648621 1.524
3.075 1.58759
1.7434 1.19171

2.26718 0
1.57467 0.660798
-0.668167 1.68592
3.92459 1.47868
1.55628 1.24019

2.62841 0
1.60091 0.476158
-1.62147 1.34879
3.5575 0.919276
0.982778 1.04036

2.62945 0
1.64696 0.560639
-1.52247 1.31133
3.50099 0.878804
0.954696 1.08907

2.63202 0
1.66325 0.601424
-1.53596 1.29357
3.53074 0.861328
0.961021 1.12626

2.61886 0
1.65177 0.608708
-1.54679 1.27639
3.52848 0.848237
0.957762 1.13103

2.61474 0
1.65289 0.60891
-1.54872 1.27653
3.53193 0.847047
0.952169 1.12893

2.61475 0
1.65273 0.608567
-1.54884 1.27654
3.53155 0.847012
0.951968 1.12858

2.61496 0
1.65278 0.60831
-1.54912 1.2767
3.53159 0.847095
0.951946 1.12842

2.61505 0
1.65283 0.608303
-1.54911 1.27672
3.53153 0.847093
0.951959 1.12843

1.28787 0
1.01919 0.709059
0.844738 1.34623
2.61132 1.4539
1.61661 1.07291

1.5375 0
1.20085 0.759583
0.648621 1.524
3.075 1.58759
1.7434 1.19171

2.26718 0
1.57467 0.660798
-0.668167 1.68592
3.92459 1.47868
1.55628 1.24019

2.62841 0
1.60091 0.476158
-1.62147 1.34879
3.5575 0.919276
0.982778 1.04036

2.62945 0
1.64696 0.560639
-1.52247 1.31133
3.50099 0.878804
0.954696 1.08907

2.63202 0
1.66325 0.601424
-1.53596 1.29357
3.53074 0.861328
0.961021 1.12626

2.61886 0
1.65177 0.608708
-1.54679 1.27639
3.52848 0.848237
0.957762 1.13103

2.61474 0
1.65289 0.60891
-1.54872 1.27653
3.53193 0.847047
0.952169 1.12893

2.61475 0
1.65273 0.608567
-1.54884 1.27654
3.53155 0.847012
0.951968 1.12858

2.61496 0
1.65278 0.60831
-1.54912 1.2767
3.53159 0.847095
0.951946 1.12842

2.61505 0
1.65283 0.608303
-1.54911 1.27672
3.53153 0.847093
0.951959 1.12843

1.28787 0
1.01919 0.709059
0.844738 1.34623
2.61132 1.4539
1.61661 1.07291

1.5375 0
1.20085 0.759583
0.648621 1.524
3.075 1.58759
1.7434 1.19171

2.26718 0
1.57467 0.660798
-0.668167 1.68592
3.92459 1.47868
1.55628 1.24019

2.62841 0
1.60091 0.476158
-1.62147 1.34879
3.5575 0.919276
0.982778 1.04036

2.62945 0
1.64696 0.560639
-1.52247 1.31133
3.50099 0.878804
0.954696 1.08907

2.63202 0
1.66325 0.601424
-1.53596 1.29357
3.53074 0.861328
0.961021 1.12626

2.61886 0
1.65177 0.608708
-1.54679 1.27639
3.52848 0.848237
0.957762 1.13103

2.61474 0
1.65289 0.60891
-1.54872 1.27653
3.53193 0.847047
0.952169 1.12893

2.61475 0
1.65273 0.608567
-1.54884 1.27654
3.53155 0.847012
0.951968 1.12858

2.61496 0
1.65278 0.60831
-1.54912 1.2767
3.53159 0.847095
0.951946 1.12842

2.61505 0
1.65283 0.608303
-1.54911 1.27672
3.53153 0.847093
0.951959 1.12843

